image,class,width,height,xmin,ymin,xmax,ymax
frame_0011.jpg,177,98,hand,647,453,824,551
frame_0011.jpg,107,112,hand,515,431,622,543
frame_0036.jpg,159,86,hand,697,478,856,564
frame_0036.jpg,122,252,hand,432,460,554,712
frame_0099.jpg,171,99,hand,790,619,961,718
frame_0099.jpg,181,114,hand,730,406,911,520
frame_0099.jpg,126,120,hand,591,375,717,495
frame_0113.jpg,171,103,hand,653,423,824,526
frame_0113.jpg,119,116,hand,526,395,645,511
frame_0176.jpg,173,109,hand,610,432,783,541
frame_0176.jpg,161,132,hand,439,387,600,519
frame_0183.jpg,191,111,hand,587,444,778,555
frame_0183.jpg,144,146,hand,445,394,589,540
frame_0184.jpg,184,120,hand,616,444,800,564
frame_0184.jpg,156,150,hand,457,394,613,544
frame_0187.jpg,189,108,hand,656,460,845,568
frame_0187.jpg,143,143,hand,517,387,660,530
frame_0189.jpg,187,102,hand,649,453,836,555
frame_0189.jpg,145,138,hand,510,384,655,522
frame_0206.jpg,185,108,hand,639,439,824,547
frame_0206.jpg,119,125,hand,477,362,596,487
frame_0229.jpg,180,93,hand,649,437,829,530
frame_0229.jpg,116,124,hand,519,394,635,518
frame_0241.jpg,190,109,hand,666,402,856,511
frame_0241.jpg,121,128,hand,546,383,667,511
frame_0295.jpg,176,105,hand,645,417,821,522
frame_0295.jpg,118,127,hand,513,384,631,511
frame_0316.jpg,136,37,hand,575,681,711,718
frame_0316.jpg,174,98,hand,658,429,832,527
frame_0316.jpg,128,127,hand,484,370,612,497
frame_0324.jpg,160,87,hand,486,631,646,718
frame_0324.jpg,168,99,hand,664,456,832,555
frame_0324.jpg,132,136,hand,482,387,614,523
frame_0333.jpg,180,112,hand,672,460,852,572
frame_0333.jpg,147,137,hand,517,387,664,524
frame_0381.jpg,178,107,hand,647,428,825,535
frame_0381.jpg,117,124,hand,510,378,627,502
frame_0384.jpg,172,103,hand,645,429,817,532
frame_0384.jpg,135,136,hand,503,371,638,507
frame_0484.jpg,166,37,hand,651,681,817,718
frame_0484.jpg,186,97,hand,631,355,817,452
frame_0484.jpg,119,120,hand,510,311,629,431
frame_0580.jpg,169,116,hand,627,363,796,479
frame_0580.jpg,133,258,hand,461,407,594,665
frame_0611.jpg,190,104,hand,642,353,832,457
frame_0611.jpg,137,130,hand,506,318,643,448
frame_0647.jpg,176,102,hand,587,380,763,482
frame_0647.jpg,147,129,hand,437,336,584,465
frame_0649.jpg,171,101,hand,575,386,746,487
frame_0649.jpg,151,127,hand,420,341,571,468
frame_0752.jpg,170,112,hand,622,363,792,475
frame_0752.jpg,128,118,hand,497,336,625,454
frame_0781.jpg,170,107,hand,612,390,782,497
frame_0781.jpg,149,126,hand,449,320,598,446
frame_0815.jpg,167,114,hand,600,392,767,506
frame_0815.jpg,152,136,hand,441,329,593,465
frame_0831.jpg,166,112,hand,625,379,791,491
frame_0831.jpg,125,115,hand,489,346,614,461
frame_0906.jpg,164,108,hand,605,399,769,507
frame_0906.jpg,143,119,hand,455,366,598,485
frame_0912.jpg,134,104,hand,616,399,750,503
frame_0912.jpg,175,129,hand,441,346,616,475
frame_0941.jpg,182,112,hand,583,404,765,516
frame_0941.jpg,151,104,hand,451,371,602,475
frame_0954.jpg,247,64,hand,568,654,815,718
frame_0954.jpg,181,109,hand,643,403,824,512
frame_0954.jpg,158,112,hand,513,375,671,487
frame_0988.jpg,156,115,hand,598,382,754,497
frame_0988.jpg,145,103,hand,468,371,613,474
frame_1009.jpg,138,123,hand,608,370,746,493
frame_1009.jpg,126,135,hand,391,367,517,502
frame_1024.jpg,128,134,hand,600,355,728,489
frame_1024.jpg,163,126,hand,457,324,620,450
frame_1051.jpg,230,158,hand,759,560,989,718
frame_1051.jpg,142,134,hand,697,345,839,479
frame_1051.jpg,162,99,hand,559,349,721,448
frame_1087.jpg,174,131,hand,592,376,766,507
frame_1087.jpg,127,122,hand,441,371,568,493
frame_1106.jpg,118,139,hand,676,409,794,548
frame_1106.jpg,134,161,hand,406,413,540,574
frame_1133.jpg,147,124,hand,630,470,777,594
frame_1133.jpg,163,128,hand,449,446,612,574
frame_1164.jpg,134,137,hand,645,436,779,573
frame_1164.jpg,190,144,hand,447,386,637,530
frame_1196.jpg,133,140,hand,651,407,784,547
frame_1196.jpg,165,169,hand,423,395,588,564
frame_1232.jpg,117,174,hand,695,441,812,615
frame_1232.jpg,161,152,hand,389,424,550,576
frame_1262.jpg,46,28,hand,729,689,775,717
frame_1262.jpg,146,160,hand,658,470,804,630
frame_1262.jpg,135,153,hand,298,452,433,605
frame_1279.jpg,196,156,hand,344,560,540,716
frame_1279.jpg,186,166,hand,697,552,883,718
frame_1279.jpg,150,125,hand,638,461,788,586
frame_1279.jpg,179,179,hand,319,411,498,590
frame_1294.jpg,197,95,hand,445,623,642,718
frame_1294.jpg,193,59,hand,650,659,843,718
frame_1294.jpg,141,164,hand,716,409,857,573
frame_1294.jpg,134,155,hand,313,408,447,563
frame_1317.jpg,205,87,hand,404,631,609,718
frame_1317.jpg,175,64,hand,629,654,804,718
frame_1317.jpg,186,154,hand,604,452,790,606
frame_1317.jpg,135,131,hand,445,429,580,560
frame_1338.jpg,173,157,hand,501,561,674,718
frame_1338.jpg,60,74,hand,711,640,771,714
frame_1338.jpg,191,149,hand,642,432,833,581
frame_1338.jpg,135,166,hand,502,386,637,552
frame_1340.jpg,179,160,hand,488,557,667,717
frame_1340.jpg,47,66,hand,693,652,740,718
frame_1340.jpg,198,157,hand,630,433,828,590
frame_1340.jpg,121,163,hand,503,396,624,559
frame_1344.jpg,200,198,hand,525,518,725,716
frame_1344.jpg,76,84,hand,683,634,759,718
frame_1344.jpg,199,156,hand,645,412,844,568
frame_1344.jpg,134,159,hand,503,371,637,530
frame_1362.jpg,269,159,hand,431,557,700,716
frame_1362.jpg,133,76,hand,633,642,766,718
frame_1362.jpg,188,154,hand,719,416,907,570
frame_1362.jpg,128,173,hand,567,378,695,551
frame_1370.jpg,282,211,hand,254,503,536,714
frame_1370.jpg,148,84,hand,716,634,864,718
frame_1370.jpg,186,149,hand,686,412,872,561
frame_1370.jpg,146,166,hand,532,371,678,537
frame_1377.jpg,236,175,hand,228,539,464,714
frame_1377.jpg,158,83,hand,700,634,858,717
frame_1377.jpg,171,162,hand,646,402,817,564
frame_1377.jpg,125,177,hand,493,370,618,547
frame_1379.jpg,221,161,hand,251,531,472,692
frame_1379.jpg,150,82,hand,693,636,843,718
frame_1379.jpg,193,152,hand,634,404,827,556
frame_1379.jpg,136,160,hand,488,379,624,539
frame_1433.jpg,145,33,hand,357,683,502,716
frame_1433.jpg,173,156,hand,713,376,886,532
frame_1433.jpg,137,149,hand,505,346,642,495
frame_1444.jpg,200,59,hand,416,659,616,718
frame_1444.jpg,241,226,hand,724,487,965,713
frame_1444.jpg,201,128,hand,746,390,947,518
frame_1444.jpg,140,148,hand,530,350,670,498
frame_1470.jpg,195,54,hand,432,664,627,718
frame_1470.jpg,255,210,hand,742,507,997,717
frame_1470.jpg,162,161,hand,783,351,945,512
frame_1470.jpg,139,160,hand,536,325,675,485
frame_1475.jpg,241,92,hand,433,625,674,717
frame_1475.jpg,202,63,hand,824,654,1026,717
frame_1475.jpg,169,151,hand,775,344,944,495
frame_1475.jpg,140,157,hand,538,308,678,465
frame_1523.jpg,300,187,hand,325,531,625,718
frame_1523.jpg,243,105,hand,861,613,1104,718
frame_1523.jpg,175,150,hand,819,340,994,490
frame_1523.jpg,143,155,hand,579,297,722,452
frame_1536.jpg,270,232,hand,335,468,605,700
frame_1536.jpg,359,294,hand,538,362,897,656
frame_1536.jpg,180,156,hand,924,338,1104,494
frame_1536.jpg,148,121,hand,659,288,807,409
frame_1542.jpg,355,283,hand,271,435,626,718
frame_1542.jpg,370,257,hand,581,424,951,681
frame_1542.jpg,205,146,hand,905,361,1110,507
frame_1542.jpg,153,148,hand,659,285,812,433
frame_1577.jpg,341,251,hand,158,466,499,717
frame_1577.jpg,274,254,hand,620,452,894,706
frame_1577.jpg,201,153,hand,725,342,926,495
frame_1577.jpg,182,159,hand,526,324,708,483
frame_1613.jpg,208,120,hand,606,283,814,403
frame_1613.jpg,120,108,hand,509,276,629,384
frame_1697.jpg,138,32,hand,683,681,821,713
frame_1697.jpg,195,125,hand,642,328,837,453
frame_1697.jpg,153,130,hand,488,299,641,429
frame_1758.jpg,257,109,hand,525,609,782,718
frame_1758.jpg,185,105,hand,720,341,905,446
frame_1758.jpg,153,122,hand,551,314,704,436
frame_1761.jpg,259,150,hand,565,563,824,713
frame_1761.jpg,188,111,hand,721,349,909,460
frame_1761.jpg,163,122,hand,544,318,707,440
frame_1788.jpg,272,130,hand,523,584,795,714
frame_1788.jpg,185,119,hand,712,349,897,468
frame_1788.jpg,181,124,hand,539,316,720,440
frame_1804.jpg,232,209,hand,662,507,894,716
frame_1804.jpg,188,111,hand,707,371,895,482
frame_1804.jpg,159,114,hand,532,322,691,436
frame_1812.jpg,52,21,hand,341,693,393,714
frame_1812.jpg,260,118,hand,571,598,831,716
frame_1812.jpg,199,115,hand,695,359,894,474
frame_1812.jpg,156,121,hand,540,318,696,439
frame_1849.jpg,114,55,hand,247,663,361,718
frame_1849.jpg,262,181,hand,608,531,870,712
frame_1849.jpg,196,116,hand,769,341,965,457
frame_1849.jpg,153,128,hand,572,295,725,423
frame_1887.jpg,229,95,hand,554,623,783,718
frame_1887.jpg,179,120,hand,707,367,886,487
frame_1887.jpg,118,170,hand,436,353,554,523
frame_1914.jpg,206,202,hand,759,515,965,717
frame_1914.jpg,184,121,hand,713,373,897,494
frame_1914.jpg,117,203,hand,447,369,564,572
frame_1928.jpg,56,18,hand,612,700,668,718
frame_1928.jpg,175,107,hand,658,362,833,469
frame_1928.jpg,143,197,hand,499,362,642,559
frame_1930.jpg,33,14,hand,630,704,663,718
frame_1930.jpg,182,119,hand,617,363,799,482
frame_1930.jpg,170,168,hand,444,340,614,508
frame_1945.jpg,46,25,hand,684,692,730,717
frame_1945.jpg,176,107,hand,591,367,767,474
frame_1945.jpg,139,123,hand,440,284,579,407
frame_1999.jpg,44,13,hand,660,705,704,718
frame_1999.jpg,153,103,hand,613,362,766,465
frame_1999.jpg,154,132,hand,439,287,593,419
frame_2006.jpg,169,109,hand,581,365,750,474
frame_2006.jpg,159,131,hand,420,296,579,427
frame_2008.jpg,170,108,hand,583,361,753,469
frame_2008.jpg,160,129,hand,420,299,580,428
frame_2052.jpg,160,118,hand,621,408,781,526
frame_2052.jpg,160,124,hand,457,370,617,494
frame_2093.jpg,56,31,hand,659,687,715,718
frame_2093.jpg,179,115,hand,620,386,799,501
frame_2093.jpg,153,132,hand,451,325,604,457
frame_2208.jpg,179,117,hand,612,378,791,495
frame_2208.jpg,148,213,hand,374,388,522,601
frame_2230.jpg,90,37,hand,654,681,744,718
frame_2230.jpg,187,113,hand,583,351,770,464
frame_2230.jpg,153,242,hand,345,379,498,621
frame_2235.jpg,87,29,hand,653,688,740,717
frame_2235.jpg,185,107,hand,596,359,781,466
frame_2235.jpg,152,249,hand,342,370,494,619
frame_2265.jpg,177,111,hand,613,367,790,478
frame_2265.jpg,128,111,hand,397,259,525,370
frame_2333.jpg,192,102,hand,812,615,1004,717
frame_2333.jpg,180,120,hand,686,354,866,474
frame_2333.jpg,168,128,hand,515,305,683,433
frame_2334.jpg,178,95,hand,803,623,981,718
frame_2334.jpg,177,124,hand,679,340,856,464
frame_2334.jpg,165,129,hand,511,299,676,428
frame_2358.jpg,61,21,hand,680,696,741,717
frame_2358.jpg,183,115,hand,601,337,784,452
frame_2358.jpg,136,217,hand,341,330,477,547
frame_2362.jpg,51,14,hand,664,704,715,718
frame_2362.jpg,178,111,hand,600,345,778,456
frame_2362.jpg,138,223,hand,328,334,466,557
frame_2363.jpg,60,15,hand,660,702,720,717
frame_2363.jpg,178,113,hand,592,344,770,457
frame_2363.jpg,132,222,hand,328,330,460,552
frame_2366.jpg,49,15,hand,660,702,709,717
frame_2366.jpg,181,106,hand,592,347,773,453
frame_2366.jpg,166,184,hand,390,276,556,460
frame_2369.jpg,53,9,hand,660,709,713,718
frame_2369.jpg,142,115,hand,625,333,767,448
frame_2369.jpg,202,142,hand,443,270,645,412
frame_2426.jpg,154,56,hand,662,662,816,718
frame_2426.jpg,186,124,hand,596,316,782,440
frame_2426.jpg,178,112,hand,451,258,629,370
frame_2427.jpg,169,56,hand,662,662,831,718
frame_2427.jpg,189,118,hand,588,321,777,439
frame_2427.jpg,161,121,hand,453,255,614,376
frame_2429.jpg,55,25,hand,315,693,370,718
frame_2429.jpg,170,60,hand,667,658,837,718
frame_2429.jpg,184,115,hand,575,324,759,439
frame_2429.jpg,158,108,hand,447,267,605,375
frame_2443.jpg,68,41,hand,420,677,488,718
frame_2443.jpg,217,144,hand,616,574,833,718
frame_2443.jpg,195,117,hand,741,366,936,483
frame_2443.jpg,177,112,hand,596,295,773,407
frame_2491.jpg,216,148,hand,726,570,942,718
frame_2491.jpg,183,117,hand,631,340,814,457
frame_2491.jpg,173,118,hand,472,270,645,388
frame_2523.jpg,151,129,hand,606,332,757,461
frame_2523.jpg,172,239,hand,461,396,633,635
frame_2527.jpg,165,133,hand,596,329,761,462
frame_2527.jpg,172,224,hand,474,402,646,626
frame_2619.jpg,94,37,hand,646,681,740,718
frame_2619.jpg,146,128,hand,631,334,777,462
frame_2619.jpg,157,122,hand,435,237,592,359
frame_2666.jpg,98,32,hand,614,685,712,717
frame_2666.jpg,163,118,hand,618,338,781,456
frame_2666.jpg,159,120,hand,416,229,575,349
frame_2693.jpg,93,29,hand,579,689,672,718
frame_2693.jpg,177,108,hand,596,344,773,452
frame_2693.jpg,200,116,hand,443,274,643,390
frame_2699.jpg,85,26,hand,612,691,697,717
frame_2699.jpg,177,112,hand,606,349,783,461
frame_2699.jpg,184,120,hand,457,262,641,382
frame_0060.jpg,271,82,hand,219,637,490,719
frame_0060.jpg,383,205,hand,554,514,937,719
frame_0060.jpg,131,97,hand,529,277,660,374
frame_0060.jpg,107,101,hand,411,290,518,391
frame_0073.jpg,238,61,hand,218,658,456,719
frame_0073.jpg,336,174,hand,554,545,890,719
frame_0073.jpg,126,97,hand,541,285,667,382
frame_0073.jpg,117,102,hand,415,297,532,399
frame_0129.jpg,92,33,hand,397,686,489,719
frame_0129.jpg,331,295,hand,673,424,1004,719
frame_0129.jpg,131,100,hand,611,267,742,367
frame_0129.jpg,125,103,hand,475,261,600,364
frame_0134.jpg,104,31,hand,396,688,500,719
frame_0134.jpg,316,241,hand,638,478,954,719
frame_0134.jpg,128,106,hand,610,250,738,356
frame_0134.jpg,135,101,hand,464,251,599,352
frame_0141.jpg,124,68,hand,314,651,438,719
frame_0141.jpg,261,218,hand,616,498,877,716
frame_0141.jpg,128,101,hand,593,256,721,357
frame_0141.jpg,129,94,hand,456,260,585,354
frame_0145.jpg,129,83,hand,264,633,393,716
frame_0145.jpg,291,237,hand,617,482,908,719
frame_0145.jpg,130,98,hand,568,261,698,359
frame_0145.jpg,114,92,hand,438,267,552,359
frame_0174.jpg,169,57,hand,319,662,488,719
frame_0174.jpg,197,79,hand,641,640,838,719
frame_0174.jpg,128,100,hand,550,268,678,368
frame_0174.jpg,141,95,hand,404,282,545,377
frame_0183.jpg,151,86,hand,294,633,445,719
frame_0183.jpg,204,100,hand,627,619,831,719
frame_0183.jpg,118,96,hand,552,264,670,360
frame_0183.jpg,128,97,hand,397,271,525,368
frame_0199.jpg,255,127,hand,240,592,495,719
frame_0199.jpg,281,153,hand,535,566,816,719
frame_0199.jpg,136,96,hand,520,218,656,314
frame_0199.jpg,135,98,hand,358,247,493,345
frame_0209.jpg,263,152,hand,222,567,485,719
frame_0209.jpg,310,180,hand,513,538,823,718
frame_0209.jpg,141,137,hand,522,268,663,405
frame_0209.jpg,128,96,hand,340,228,468,324
frame_0211.jpg,274,142,hand,216,577,490,719
frame_0211.jpg,311,186,hand,513,533,824,719
frame_0211.jpg,144,171,hand,511,267,655,438
frame_0211.jpg,130,91,hand,333,226,463,317
frame_0245.jpg,82,58,hand,304,661,386,719
frame_0245.jpg,237,216,hand,617,502,854,718
frame_0245.jpg,130,103,hand,525,306,655,409
frame_0245.jpg,114,110,hand,378,311,492,421
frame_0247.jpg,89,72,hand,286,647,375,719
frame_0247.jpg,224,210,hand,592,509,816,719
frame_0247.jpg,128,95,hand,518,304,646,399
frame_0247.jpg,122,104,hand,371,309,493,413
frame_0266.jpg,93,50,hand,300,669,393,719
frame_0266.jpg,313,203,hand,577,516,890,719
frame_0266.jpg,127,99,hand,535,290,662,389
frame_0266.jpg,131,99,hand,404,293,535,392
frame_0325.jpg,172,55,hand,118,661,290,716
frame_0325.jpg,225,145,hand,645,574,870,719
frame_0325.jpg,181,138,hand,593,360,774,498
frame_0325.jpg,121,96,hand,411,315,532,411
frame_0380.jpg,108,67,hand,278,652,386,719
frame_0380.jpg,228,188,hand,699,503,927,691
frame_0380.jpg,144,103,hand,550,253,694,356
frame_0380.jpg,111,111,hand,425,245,536,356
frame_0390.jpg,331,136,hand,193,583,524,719
frame_0390.jpg,245,240,hand,698,352,943,592
frame_0390.jpg,144,95,hand,511,193,655,288
frame_0390.jpg,117,101,hand,390,196,507,297
frame_0505.jpg,469,314,hand,625,405,1094,719
frame_0505.jpg,123,89,hand,525,334,648,423
frame_0505.jpg,130,107,hand,362,335,492,442
frame_0549.jpg,109,49,hand,344,670,453,719
frame_0549.jpg,381,270,hand,553,449,934,719
frame_0549.jpg,129,92,hand,563,258,692,350
frame_0549.jpg,134,99,hand,408,278,542,377
frame_0552.jpg,113,46,hand,354,673,467,719
frame_0552.jpg,384,294,hand,546,425,930,719
frame_0552.jpg,128,98,hand,561,254,689,352
frame_0552.jpg,132,101,hand,407,281,539,382
frame_0553.jpg,113,43,hand,350,676,463,719
frame_0553.jpg,369,266,hand,560,453,929,719
frame_0553.jpg,125,84,hand,564,258,689,342
frame_0553.jpg,140,100,hand,399,279,539,379
frame_0611.jpg,152,24,hand,542,695,694,719
frame_0611.jpg,160,124,hand,492,347,652,471
frame_0611.jpg,132,99,hand,329,361,461,460
frame_0659.jpg,384,152,hand,143,566,527,718
frame_0659.jpg,479,237,hand,543,482,1022,719
frame_0659.jpg,192,136,hand,465,117,657,253
frame_0659.jpg,132,108,hand,357,153,489,261
frame_0672.jpg,250,122,hand,254,597,504,719
frame_0672.jpg,395,192,hand,570,527,965,719
frame_0672.jpg,159,109,hand,500,186,659,295
frame_0672.jpg,121,109,hand,376,201,497,310
frame_0682.jpg,251,121,hand,259,598,510,719
frame_0682.jpg,364,242,hand,535,477,899,719
frame_0682.jpg,143,106,hand,514,203,657,309
frame_0682.jpg,117,116,hand,371,208,488,324
frame_0702.jpg,182,34,hand,307,684,489,718
frame_0702.jpg,295,146,hand,549,573,844,719
frame_0702.jpg,134,92,hand,547,264,681,356
frame_0702.jpg,117,110,hand,410,258,527,368
frame_0726.jpg,258,103,hand,209,616,467,719
frame_0726.jpg,457,199,hand,319,520,776,719
frame_0726.jpg,129,93,hand,585,160,714,253
frame_0726.jpg,163,154,hand,336,135,499,289
frame_0763.jpg,353,174,hand,236,545,589,719
frame_0763.jpg,307,266,hand,499,453,806,719
frame_0763.jpg,146,98,hand,528,201,674,299
frame_0763.jpg,132,100,hand,404,222,536,322
frame_0779.jpg,234,129,hand,265,590,499,719
frame_0779.jpg,294,202,hand,553,517,847,719
frame_0779.jpg,142,104,hand,550,245,692,349
frame_0779.jpg,141,83,hand,419,277,560,360
frame_0849.jpg,98,26,hand,422,693,520,719
frame_0849.jpg,246,181,hand,751,535,997,716
frame_0849.jpg,121,112,hand,667,368,788,480
frame_0849.jpg,126,101,hand,536,349,662,450
frame_0853.jpg,172,110,hand,682,609,854,719
frame_0853.jpg,118,152,hand,734,247,852,399
frame_0853.jpg,128,109,hand,514,360,642,469
frame_0861.jpg,137,79,hand,340,640,477,719
frame_0861.jpg,204,153,hand,659,566,863,719
frame_0861.jpg,97,94,hand,755,0,852,94
frame_0861.jpg,131,97,hand,497,310,628,407
frame_0958.jpg,295,220,hand,202,499,497,719
frame_0958.jpg,175,199,hand,609,460,784,659
frame_0958.jpg,144,103,hand,589,249,733,352
frame_0958.jpg,121,109,hand,460,243,581,352
frame_0994.jpg,279,218,hand,202,501,481,719
frame_0994.jpg,283,189,hand,559,530,842,719
frame_0994.jpg,137,109,hand,541,190,678,299
frame_0994.jpg,130,99,hand,406,194,536,293
frame_1000.jpg,256,205,hand,193,514,449,719
frame_1000.jpg,272,191,hand,577,528,849,719
frame_1000.jpg,132,96,hand,543,197,675,293
frame_1000.jpg,135,100,hand,399,193,534,293
frame_1002.jpg,249,214,hand,193,505,442,719
frame_1002.jpg,283,191,hand,571,528,854,719
frame_1002.jpg,124,92,hand,557,197,681,289
frame_1002.jpg,128,99,hand,400,190,528,289
frame_1021.jpg,238,143,hand,251,576,489,719
frame_1021.jpg,290,117,hand,603,602,893,719
frame_1021.jpg,139,100,hand,591,199,730,299
frame_1021.jpg,126,84,hand,406,257,532,341
frame_1024.jpg,202,45,hand,304,674,506,719
frame_1024.jpg,97,45,hand,752,674,849,719
frame_1024.jpg,128,116,hand,632,240,760,356
frame_1024.jpg,115,83,hand,410,317,525,400
frame_1026.jpg,133,120,hand,641,297,774,417
frame_1026.jpg,125,102,hand,403,329,528,431
frame_1036.jpg,158,178,hand,566,416,724,594
frame_1036.jpg,124,112,hand,397,327,521,439
frame_1074.jpg,138,104,hand,539,321,677,425
frame_1074.jpg,127,102,hand,407,332,534,434
frame_1115.jpg,152,106,hand,550,396,702,502
frame_1115.jpg,125,121,hand,421,386,546,507
frame_1135.jpg,347,194,hand,138,524,485,718
frame_1135.jpg,382,299,hand,620,420,1002,719
frame_1135.jpg,139,98,hand,472,158,611,256
frame_1135.jpg,135,114,hand,330,158,465,272
frame_1185.jpg,352,205,hand,44,513,396,718
frame_1185.jpg,315,238,hand,468,481,783,719
frame_1185.jpg,145,104,hand,522,164,667,268
frame_1185.jpg,132,108,hand,386,164,518,272
frame_1195.jpg,314,164,hand,67,555,381,719
frame_1195.jpg,365,171,hand,445,548,810,719
frame_1195.jpg,144,98,hand,529,190,673,288
frame_1195.jpg,136,107,hand,393,192,529,299
frame_1232.jpg,273,97,hand,152,622,425,719
frame_1232.jpg,238,118,hand,536,601,774,719
frame_1232.jpg,131,96,hand,575,247,706,343
frame_1232.jpg,156,122,hand,385,303,541,425
frame_1245.jpg,260,124,hand,182,594,442,718
frame_1245.jpg,263,145,hand,566,574,829,719
frame_1245.jpg,135,96,hand,602,247,737,343
frame_1245.jpg,131,92,hand,460,267,591,359
frame_1257.jpg,342,167,hand,151,552,493,719
frame_1257.jpg,294,210,hand,522,509,816,719
frame_1257.jpg,133,96,hand,577,207,710,303
frame_1257.jpg,134,101,hand,432,217,566,318
frame_1284.jpg,204,118,hand,193,601,397,719
frame_1284.jpg,324,263,hand,623,456,947,719
frame_1284.jpg,135,99,hand,575,240,710,339
frame_1284.jpg,130,101,hand,440,251,570,352
frame_1335.jpg,401,248,hand,48,471,449,719
frame_1335.jpg,331,252,hand,549,467,880,719
frame_1335.jpg,163,139,hand,649,122,812,261
frame_1335.jpg,138,112,hand,433,151,571,263
frame_1341.jpg,388,216,hand,90,503,478,719
frame_1341.jpg,318,242,hand,534,477,852,719
frame_1341.jpg,164,182,hand,698,192,862,374
frame_1341.jpg,136,100,hand,411,179,547,279
frame_1376.jpg,359,181,hand,101,538,460,719
frame_1376.jpg,297,245,hand,552,474,849,719
frame_1376.jpg,135,114,hand,621,160,756,274
frame_1376.jpg,134,110,hand,397,192,531,302
frame_1392.jpg,368,186,hand,102,533,470,719
frame_1392.jpg,272,259,hand,593,460,865,719
frame_1392.jpg,131,125,hand,518,167,649,292
frame_1392.jpg,128,109,hand,389,194,517,303
frame_1396.jpg,384,207,hand,97,512,481,719
frame_1396.jpg,278,274,hand,630,445,908,719
frame_1396.jpg,130,107,hand,557,165,687,272
frame_1396.jpg,132,112,hand,424,178,556,290
frame_1403.jpg,327,177,hand,141,542,468,719
frame_1403.jpg,274,271,hand,600,448,874,719
frame_1403.jpg,130,97,hand,529,196,659,293
frame_1403.jpg,132,102,hand,396,211,528,313
frame_1435.jpg,312,237,hand,9,482,321,719
frame_1435.jpg,240,270,hand,659,449,899,719
frame_1435.jpg,136,113,hand,578,219,714,332
frame_1435.jpg,132,112,hand,443,222,575,334
frame_1479.jpg,316,207,hand,120,512,436,719
frame_1479.jpg,401,282,hand,542,424,943,706
frame_1479.jpg,132,95,hand,584,225,716,320
frame_1479.jpg,144,136,hand,362,167,506,303
frame_1514.jpg,188,114,hand,244,605,432,719
frame_1514.jpg,407,255,hand,547,464,954,719
frame_1514.jpg,139,100,hand,573,274,712,374
frame_1514.jpg,129,104,hand,432,278,561,382
frame_1523.jpg,255,104,hand,247,615,502,719
frame_1523.jpg,315,281,hand,646,438,961,719
frame_1523.jpg,136,99,hand,577,272,713,371
frame_1523.jpg,128,98,hand,435,275,563,373
frame_1530.jpg,237,109,hand,246,610,483,719
frame_1530.jpg,253,224,hand,638,495,891,719
frame_1530.jpg,136,106,hand,578,261,714,367
frame_1530.jpg,132,112,hand,432,265,564,377
frame_1604.jpg,312,182,hand,155,537,467,719
frame_1604.jpg,306,221,hand,528,498,834,719
frame_1604.jpg,136,137,hand,507,185,643,322
frame_1604.jpg,122,105,hand,382,226,504,331
frame_1647.jpg,370,223,hand,59,496,429,719
frame_1647.jpg,190,226,hand,623,361,813,587
frame_1647.jpg,145,103,hand,503,200,648,303
frame_1647.jpg,138,107,hand,365,204,503,311
frame_1660.jpg,348,245,hand,87,474,435,719
frame_1660.jpg,203,271,hand,724,320,927,591
frame_1660.jpg,136,93,hand,527,199,663,292
frame_1660.jpg,136,108,hand,385,201,521,309
frame_1674.jpg,245,116,hand,161,603,406,719
frame_1674.jpg,291,317,hand,610,399,901,716
frame_1674.jpg,150,96,hand,531,272,681,368
frame_1674.jpg,141,103,hand,386,292,527,395
frame_1675.jpg,241,110,hand,163,608,404,718
frame_1675.jpg,310,299,hand,602,420,912,719
frame_1675.jpg,146,92,hand,529,282,675,374
frame_1675.jpg,132,112,hand,392,299,524,411
frame_1680.jpg,244,99,hand,195,620,439,719
frame_1680.jpg,328,274,hand,605,445,933,719
frame_1680.jpg,142,98,hand,567,295,709,393
frame_1680.jpg,132,103,hand,422,314,554,417
frame_1720.jpg,547,289,hand,305,430,852,719
frame_1720.jpg,137,100,hand,538,295,675,395
frame_1720.jpg,137,110,hand,390,303,527,413
frame_1770.jpg,328,198,hand,59,521,387,719
frame_1770.jpg,339,218,hand,599,399,938,617
frame_1770.jpg,142,169,hand,635,215,777,384
frame_1770.jpg,137,114,hand,308,217,445,331
frame_1830.jpg,302,186,hand,202,533,504,719
frame_1830.jpg,233,231,hand,712,406,945,637
frame_1830.jpg,138,100,hand,553,228,691,328
frame_1830.jpg,130,109,hand,413,240,543,349
frame_1832.jpg,312,210,hand,187,509,499,719
frame_1832.jpg,216,215,hand,710,379,926,594
frame_1832.jpg,143,106,hand,545,214,688,320
frame_1832.jpg,134,106,hand,411,218,545,324
frame_1837.jpg,341,241,hand,145,478,486,719
frame_1837.jpg,217,183,hand,706,350,923,533
frame_1837.jpg,151,123,hand,541,158,692,281
frame_1837.jpg,134,109,hand,390,181,524,290
frame_1850.jpg,299,174,hand,154,545,453,719
frame_1850.jpg,218,294,hand,713,236,931,530
frame_1850.jpg,153,114,hand,578,222,731,336
frame_1850.jpg,140,113,hand,353,228,493,341
frame_1880.jpg,279,174,hand,204,545,483,719
frame_1880.jpg,430,257,hand,624,292,1054,549
frame_1880.jpg,144,111,hand,641,267,785,378
frame_1880.jpg,134,114,hand,426,261,560,375
frame_1924.jpg,317,170,hand,140,549,457,719
frame_1924.jpg,322,287,hand,527,357,849,644
frame_1924.jpg,158,119,hand,573,224,731,343
frame_1924.jpg,137,117,hand,349,215,486,332
frame_1939.jpg,287,136,hand,126,583,413,719
frame_1939.jpg,399,285,hand,571,325,970,610
frame_1939.jpg,131,75,hand,721,295,852,370
frame_1939.jpg,134,113,hand,351,268,485,381
frame_1962.jpg,338,193,hand,59,526,397,719
frame_1962.jpg,437,288,hand,546,233,983,521
frame_1962.jpg,126,105,hand,552,194,678,299
frame_1962.jpg,133,123,hand,325,219,458,342
frame_1983.jpg,338,175,hand,184,544,522,719
frame_1983.jpg,395,263,hand,582,321,977,584
frame_1983.jpg,164,133,hand,502,206,666,339
frame_1983.jpg,128,113,hand,386,232,514,345
frame_2016.jpg,302,178,hand,165,541,467,719
frame_2016.jpg,243,256,hand,719,364,962,620
frame_2016.jpg,144,111,hand,509,211,653,322
frame_2016.jpg,132,109,hand,374,219,506,328
frame_2018.jpg,327,181,hand,169,538,496,719
frame_2018.jpg,249,249,hand,724,366,973,615
frame_2018.jpg,136,111,hand,517,211,653,322
frame_2018.jpg,143,111,hand,375,217,518,328
frame_2071.jpg,317,182,hand,151,537,468,719
frame_2071.jpg,203,290,hand,773,318,976,608
frame_2071.jpg,166,134,hand,529,213,695,347
frame_2071.jpg,150,111,hand,382,228,532,339
frame_2134.jpg,508,264,hand,13,455,521,719
frame_2134.jpg,377,220,hand,556,275,933,495
frame_2134.jpg,151,108,hand,577,139,728,247
frame_2134.jpg,149,113,hand,426,143,575,256
frame_2163.jpg,335,346,hand,158,363,493,709
frame_2163.jpg,370,228,hand,532,215,902,443
frame_2163.jpg,144,112,hand,609,69,753,181
frame_2163.jpg,144,113,hand,413,76,557,189
frame_2176.jpg,373,256,hand,88,463,461,719
frame_2176.jpg,373,234,hand,536,336,909,570
frame_2176.jpg,176,117,hand,568,154,744,271
frame_2176.jpg,145,108,hand,411,171,556,279
frame_2190.jpg,300,185,hand,193,534,493,719
frame_2190.jpg,400,255,hand,570,354,970,609
frame_2190.jpg,153,166,hand,753,247,906,413
frame_2190.jpg,133,105,hand,433,233,566,338
frame_2194.jpg,272,153,hand,214,566,486,719
frame_2194.jpg,392,249,hand,559,370,951,619
frame_2194.jpg,149,181,hand,712,236,861,417
frame_2194.jpg,142,103,hand,407,251,549,354
frame_2296.jpg,265,152,hand,189,567,454,719
frame_2296.jpg,258,223,hand,635,489,893,712
frame_2296.jpg,146,104,hand,571,256,717,360
frame_2296.jpg,142,122,hand,418,251,560,373
frame_2327.jpg,166,86,hand,272,633,438,719
frame_2327.jpg,332,300,hand,634,315,966,615
frame_2327.jpg,160,102,hand,557,257,717,359
frame_2327.jpg,137,112,hand,404,258,541,370
frame_2365.jpg,305,188,hand,162,531,467,719
frame_2365.jpg,330,313,hand,650,228,980,541
frame_2365.jpg,132,199,hand,566,261,698,460
frame_2365.jpg,134,116,hand,365,226,499,342
frame_2369.jpg,288,212,hand,123,507,411,719
frame_2369.jpg,318,308,hand,664,219,982,527
frame_2369.jpg,158,135,hand,536,208,694,343
frame_2369.jpg,128,111,hand,371,228,499,339
frame_2387.jpg,268,199,hand,172,520,440,719
frame_2387.jpg,364,270,hand,517,313,881,583
frame_2387.jpg,146,104,hand,566,200,712,304
frame_2387.jpg,124,119,hand,428,217,552,336
frame_2412.jpg,244,65,hand,326,654,570,719
frame_2412.jpg,388,261,hand,585,338,973,599
frame_2412.jpg,137,102,hand,559,229,696,331
frame_2412.jpg,125,108,hand,431,242,556,350
frame_2423.jpg,288,116,hand,247,603,535,719
frame_2423.jpg,297,304,hand,641,313,938,617
frame_2423.jpg,111,68,hand,585,232,696,300
frame_2423.jpg,127,117,hand,432,239,559,356
frame_2452.jpg,133,106,hand,253,613,386,719
frame_2452.jpg,263,222,hand,595,480,858,702
frame_2452.jpg,136,106,hand,563,240,699,346
frame_2452.jpg,127,110,hand,432,250,559,360
frame_2533.jpg,263,129,hand,184,590,447,719
frame_2533.jpg,231,259,hand,717,411,948,670
frame_2533.jpg,145,102,hand,560,251,705,353
frame_2533.jpg,132,108,hand,435,260,567,368
frame_2554.jpg,317,222,hand,119,496,436,718
frame_2554.jpg,217,196,hand,638,346,855,542
frame_2554.jpg,137,104,hand,532,150,669,254
frame_2554.jpg,135,120,hand,396,165,531,285
frame_2638.jpg,334,263,hand,140,456,474,719
frame_2638.jpg,228,217,hand,705,354,933,571
frame_2638.jpg,142,166,hand,714,190,856,356
frame_2638.jpg,131,111,hand,422,168,553,279
frame_2650.jpg,313,227,hand,143,492,456,719
frame_2650.jpg,234,259,hand,703,364,937,623
frame_2650.jpg,198,203,hand,724,103,922,306
frame_2650.jpg,125,118,hand,436,199,561,317
frame_2662.jpg,302,160,hand,159,559,461,719
frame_2662.jpg,234,225,hand,685,434,919,659
frame_2662.jpg,145,103,hand,575,238,720,341
frame_2662.jpg,143,103,hand,431,263,574,366
frame_2674.jpg,265,116,hand,205,603,470,719
frame_2674.jpg,186,333,hand,822,336,1008,669
frame_2674.jpg,125,96,hand,620,295,745,391
frame_2674.jpg,143,110,hand,470,303,613,413
frame_2693.jpg,275,125,hand,190,594,465,719
frame_2693.jpg,276,396,hand,728,231,1004,627
frame_2693.jpg,106,106,hand,457,289,563,395
frame_0016.jpg,259,40,hand,251,678,510,718
frame_0016.jpg,59,38,hand,586,680,645,718
frame_0016.jpg,163,121,hand,573,4,736,125
frame_0016.jpg,163,108,hand,404,2,567,110
frame_0037.jpg,180,123,hand,544,74,724,197
frame_0037.jpg,152,144,hand,387,34,539,178
frame_0074.jpg,155,87,hand,594,116,749,203
frame_0074.jpg,159,131,hand,416,55,575,186
frame_0093.jpg,165,106,hand,548,82,713,188
frame_0093.jpg,184,138,hand,387,4,571,142
frame_0146.jpg,57,19,hand,359,699,416,718
frame_0146.jpg,159,114,hand,567,40,726,154
frame_0146.jpg,118,178,hand,402,150,520,328
frame_0299.jpg,278,228,hand,236,405,514,633
frame_0299.jpg,190,111,hand,525,171,715,282
frame_0299.jpg,151,193,hand,340,159,491,352
frame_0306.jpg,225,174,hand,198,377,423,551
frame_0306.jpg,191,106,hand,486,146,677,252
frame_0306.jpg,140,142,hand,298,235,438,377
frame_0324.jpg,241,299,hand,152,305,393,604
frame_0324.jpg,172,132,hand,569,114,741,246
frame_0324.jpg,131,134,hand,317,218,448,352
frame_0388.jpg,244,83,hand,266,635,510,718
frame_0388.jpg,223,32,hand,537,686,760,718
frame_0388.jpg,191,117,hand,539,40,730,157
frame_0388.jpg,142,172,hand,296,154,438,326
frame_0414.jpg,267,38,hand,251,680,518,718
frame_0414.jpg,49,21,hand,537,697,586,718
frame_0414.jpg,182,113,hand,565,61,747,174
frame_0414.jpg,142,131,hand,338,57,480,188
frame_0438.jpg,197,21,hand,304,697,501,718
frame_0438.jpg,203,131,hand,529,72,732,203
frame_0438.jpg,170,138,hand,361,27,531,165
frame_0469.jpg,195,123,hand,546,99,741,222
frame_0469.jpg,137,133,hand,385,174,522,307
frame_0482.jpg,187,59,hand,287,659,474,718
frame_0482.jpg,193,112,hand,531,89,724,201
frame_0482.jpg,187,125,hand,346,15,533,140
frame_0504.jpg,159,76,hand,168,642,327,718
frame_0504.jpg,178,114,hand,455,72,633,186
frame_0504.jpg,91,30,hand,228,4,319,34
frame_0536.jpg,142,78,hand,179,640,321,718
frame_0536.jpg,180,117,hand,459,76,639,193
frame_0536.jpg,189,91,hand,266,4,455,95
frame_0537.jpg,129,80,hand,173,638,302,718
frame_0537.jpg,170,114,hand,465,76,635,190
frame_0537.jpg,172,99,hand,274,2,446,101
frame_0559.jpg,233,53,hand,141,665,374,718
frame_0559.jpg,180,119,hand,474,110,654,229
frame_0559.jpg,159,132,hand,319,46,478,178
frame_0577.jpg,264,330,hand,224,373,488,703
frame_0577.jpg,180,138,hand,465,127,645,265
frame_0577.jpg,159,127,hand,298,129,457,256
frame_0667.jpg,161,117,hand,512,150,673,267
frame_0667.jpg,184,110,hand,315,180,499,290
frame_0672.jpg,159,113,hand,510,154,669,267
frame_0672.jpg,174,121,hand,327,178,501,299
frame_0743.jpg,242,305,hand,558,383,800,688
frame_0743.jpg,203,140,hand,550,131,753,271
frame_0743.jpg,193,102,hand,467,133,660,235
frame_0747.jpg,254,277,hand,605,441,859,718
frame_0747.jpg,174,130,hand,569,152,743,282
frame_0747.jpg,189,117,hand,461,148,650,265
frame_0805.jpg,227,53,hand,268,665,495,718
frame_0805.jpg,53,25,hand,567,693,620,718
frame_0805.jpg,195,115,hand,533,152,728,267
frame_0805.jpg,131,106,hand,391,154,522,260
frame_0873.jpg,286,197,hand,499,521,785,718
frame_0873.jpg,202,62,hand,556,6,758,68
frame_0873.jpg,150,89,hand,391,4,541,93
frame_0890.jpg,271,72,hand,152,646,423,718
frame_0890.jpg,49,32,hand,548,686,597,718
frame_0890.jpg,191,123,hand,537,87,728,210
frame_0890.jpg,125,128,hand,414,101,539,229
frame_0896.jpg,267,68,hand,158,650,425,718
frame_0896.jpg,53,30,hand,546,688,599,718
frame_0896.jpg,183,129,hand,539,87,722,216
frame_0896.jpg,130,125,hand,414,112,544,237
frame_0903.jpg,297,335,hand,18,360,315,695
frame_0903.jpg,187,119,hand,535,129,722,248
frame_0903.jpg,127,117,hand,414,150,541,267
frame_0912.jpg,243,217,hand,226,366,469,583
frame_0912.jpg,180,119,hand,514,165,694,284
frame_0912.jpg,123,117,hand,391,188,514,305
frame_0923.jpg,227,258,hand,264,377,491,635
frame_0923.jpg,151,123,hand,558,163,709,286
frame_0923.jpg,155,108,hand,346,199,501,307
frame_0935.jpg,159,59,hand,300,659,459,718
frame_0935.jpg,155,125,hand,588,178,743,303
frame_0935.jpg,138,127,hand,372,212,510,339
frame_0947.jpg,140,140,hand,624,178,764,318
frame_0947.jpg,125,140,hand,404,218,529,358
frame_0963.jpg,148,134,hand,614,154,762,288
frame_0963.jpg,129,183,hand,419,241,548,424
frame_1013.jpg,227,99,hand,236,619,463,718
frame_1013.jpg,178,116,hand,514,159,692,275
frame_1013.jpg,134,119,hand,378,163,512,282
frame_1027.jpg,252,296,hand,154,371,406,667
frame_1027.jpg,180,123,hand,501,186,681,309
frame_1027.jpg,146,110,hand,353,184,499,294
frame_1043.jpg,284,246,hand,224,470,508,716
frame_1043.jpg,171,127,hand,512,197,683,324
frame_1043.jpg,131,120,hand,357,193,488,313
frame_1054.jpg,182,114,hand,552,201,734,315
frame_1054.jpg,140,120,hand,406,193,546,313
frame_1114.jpg,45,12,hand,394,706,439,718
frame_1114.jpg,161,111,hand,552,154,713,265
frame_1114.jpg,116,134,hand,438,154,554,288
frame_1160.jpg,70,13,hand,372,705,442,718
frame_1160.jpg,159,151,hand,635,150,794,301
frame_1160.jpg,126,142,hand,399,224,525,366
frame_1164.jpg,66,17,hand,372,701,438,718
frame_1164.jpg,159,146,hand,626,150,785,296
frame_1164.jpg,138,152,hand,416,180,554,332
frame_1218.jpg,246,287,hand,588,421,834,708
frame_1218.jpg,199,136,hand,609,203,808,339
frame_1218.jpg,166,108,hand,469,237,635,345
frame_1220.jpg,242,276,hand,588,434,830,710
frame_1220.jpg,176,125,hand,637,218,813,343
frame_1220.jpg,148,119,hand,497,239,645,358
frame_1223.jpg,225,252,hand,607,466,832,718
frame_1223.jpg,176,142,hand,654,222,830,364
frame_1223.jpg,153,118,hand,503,246,656,364
frame_1279.jpg,191,132,hand,577,171,768,303
frame_1279.jpg,168,123,hand,412,169,580,292
frame_1300.jpg,188,134,hand,582,167,770,301
frame_1300.jpg,184,250,hand,387,258,571,508
frame_1340.jpg,369,218,hand,26,500,395,718
frame_1340.jpg,168,132,hand,611,207,779,339
frame_1340.jpg,139,116,hand,455,231,594,347
frame_1343.jpg,360,182,hand,29,536,389,718
frame_1343.jpg,169,138,hand,601,222,770,360
frame_1343.jpg,136,112,hand,446,252,582,364
frame_1352.jpg,318,218,hand,24,500,342,718
frame_1352.jpg,178,135,hand,586,212,764,347
frame_1352.jpg,144,114,hand,440,252,584,366
frame_1353.jpg,290,235,hand,16,483,306,718
frame_1353.jpg,174,134,hand,592,220,766,354
frame_1353.jpg,133,117,hand,442,256,575,373
frame_1377.jpg,134,95,hand,249,621,383,716
frame_1377.jpg,178,132,hand,609,226,787,358
frame_1377.jpg,144,112,hand,446,265,590,377
frame_1379.jpg,103,53,hand,330,665,433,718
frame_1379.jpg,174,132,hand,607,226,781,358
frame_1379.jpg,142,114,hand,446,267,588,381
frame_1407.jpg,83,32,hand,414,686,497,718
frame_1407.jpg,161,27,hand,622,691,783,718
frame_1407.jpg,165,125,hand,605,195,770,320
frame_1407.jpg,136,127,hand,414,203,550,330
frame_1412.jpg,157,125,hand,325,593,482,718
frame_1412.jpg,171,34,hand,601,684,772,718
frame_1412.jpg,159,125,hand,633,188,792,313
frame_1412.jpg,121,122,hand,433,193,554,315
frame_1435.jpg,227,59,hand,308,659,535,718
frame_1435.jpg,193,49,hand,573,669,766,718
frame_1435.jpg,159,146,hand,707,140,866,286
frame_1435.jpg,123,140,hand,397,190,520,330
frame_1441.jpg,231,51,hand,310,667,541,718
frame_1441.jpg,174,38,hand,575,680,749,718
frame_1441.jpg,157,133,hand,683,159,840,292
frame_1441.jpg,142,169,hand,395,229,537,398
frame_1452.jpg,210,42,hand,334,676,544,718
frame_1452.jpg,172,25,hand,575,693,747,718
frame_1452.jpg,161,125,hand,633,169,794,294
frame_1452.jpg,146,165,hand,393,252,539,417
frame_1486.jpg,219,242,hand,592,413,811,655
frame_1486.jpg,165,132,hand,633,220,798,352
frame_1486.jpg,172,140,hand,427,205,599,345
frame_1550.jpg,297,178,hand,266,540,563,718
frame_1550.jpg,260,188,hand,580,530,840,718
frame_1550.jpg,187,119,hand,594,48,781,167
frame_1550.jpg,140,155,hand,393,97,533,252
frame_1551.jpg,295,178,hand,266,540,561,718
frame_1551.jpg,262,186,hand,580,532,842,718
frame_1551.jpg,176,118,hand,601,51,777,169
frame_1551.jpg,136,161,hand,397,82,533,243
frame_1552.jpg,312,167,hand,257,551,569,718
frame_1552.jpg,262,178,hand,580,540,842,718
frame_1552.jpg,178,123,hand,605,59,783,182
frame_1552.jpg,136,153,hand,410,78,546,231
frame_1609.jpg,38,32,hand,404,686,442,718
frame_1609.jpg,182,53,hand,599,665,781,718
frame_1609.jpg,159,136,hand,573,188,732,324
frame_1609.jpg,127,136,hand,421,226,548,362
frame_1644.jpg,226,76,hand,296,642,522,718
frame_1644.jpg,185,55,hand,590,663,775,718
frame_1644.jpg,157,131,hand,611,165,768,296
frame_1644.jpg,144,184,hand,319,299,463,483
frame_1688.jpg,242,70,hand,272,648,514,718
frame_1688.jpg,216,49,hand,556,669,772,718
frame_1688.jpg,147,113,hand,592,154,739,267
frame_1688.jpg,199,132,hand,334,48,533,180
frame_1689.jpg,248,76,hand,274,642,522,718
frame_1689.jpg,212,46,hand,554,672,766,718
frame_1689.jpg,157,115,hand,584,154,741,269
frame_1689.jpg,189,131,hand,342,38,531,169
frame_1803.jpg,136,72,hand,344,646,480,718
frame_1803.jpg,180,55,hand,605,663,785,718
frame_1803.jpg,168,108,hand,535,176,703,284
frame_1803.jpg,140,157,hand,245,273,385,430
frame_1815.jpg,180,89,hand,357,629,537,718
frame_1815.jpg,197,63,hand,635,655,832,718
frame_1815.jpg,157,112,hand,582,159,739,271
frame_1815.jpg,173,222,hand,243,288,416,510
frame_1913.jpg,187,131,hand,590,250,777,381
frame_1913.jpg,159,197,hand,399,184,558,381
frame_1951.jpg,320,161,hand,1,557,321,718
frame_1951.jpg,166,78,hand,628,252,794,330
frame_1951.jpg,161,148,hand,215,0,376,148
frame_1991.jpg,159,42,hand,402,676,561,718
frame_1991.jpg,178,119,hand,569,199,747,318
frame_1991.jpg,178,138,hand,366,135,544,273
frame_1993.jpg,146,44,hand,410,674,556,718
frame_1993.jpg,176,123,hand,565,190,741,313
frame_1993.jpg,176,140,hand,361,131,537,271
frame_2000.jpg,171,59,hand,383,659,554,718
frame_2000.jpg,170,123,hand,571,182,741,305
frame_2000.jpg,180,134,hand,361,135,541,269
frame_2027.jpg,159,59,hand,366,659,525,718
frame_2027.jpg,166,129,hand,556,167,722,296
frame_2027.jpg,187,235,hand,200,286,387,521
frame_2090.jpg,198,36,hand,541,682,739,718
frame_2090.jpg,195,104,hand,529,135,724,239
frame_2090.jpg,172,129,hand,234,4,406,133
frame_2098.jpg,190,49,hand,546,667,736,716
frame_2098.jpg,172,97,hand,514,110,686,207
frame_2098.jpg,168,131,hand,257,53,425,184
frame_2108.jpg,183,104,hand,503,135,686,239
frame_2108.jpg,161,197,hand,330,233,491,430
frame_2138.jpg,96,25,hand,287,693,383,718
frame_2138.jpg,170,127,hand,552,161,722,288
frame_2138.jpg,203,166,hand,349,97,552,263
frame_2148.jpg,136,36,hand,234,682,370,718
frame_2148.jpg,155,127,hand,548,148,703,275
frame_2148.jpg,211,169,hand,330,87,541,256
frame_2154.jpg,101,30,hand,205,688,306,718
frame_2154.jpg,164,127,hand,486,157,650,284
frame_2154.jpg,197,161,hand,277,93,474,254
frame_2165.jpg,272,142,hand,147,576,419,718
frame_2165.jpg,159,133,hand,601,163,760,296
frame_2165.jpg,212,149,hand,385,118,597,267
frame_2183.jpg,290,123,hand,158,595,448,718
frame_2183.jpg,154,127,hand,565,161,719,288
frame_2183.jpg,195,159,hand,330,101,525,260
frame_2186.jpg,373,229,hand,24,487,397,716
frame_2186.jpg,152,121,hand,582,169,734,290
frame_2186.jpg,193,155,hand,353,91,546,246
frame_2206.jpg,212,271,hand,1,443,213,714
frame_2206.jpg,172,127,hand,556,216,728,343
frame_2206.jpg,186,140,hand,319,112,505,252
frame_2226.jpg,192,110,hand,544,205,736,315
frame_2226.jpg,202,149,hand,363,116,565,265
frame_2243.jpg,204,246,hand,310,464,514,710
frame_2243.jpg,178,127,hand,537,250,715,377
frame_2243.jpg,185,140,hand,340,171,525,311
frame_2292.jpg,326,165,hand,194,553,520,718
frame_2292.jpg,284,136,hand,556,580,840,716
frame_2292.jpg,150,161,hand,605,36,755,197
frame_2292.jpg,138,210,hand,353,89,491,299
frame_2296.jpg,263,112,hand,255,606,518,718
frame_2296.jpg,218,70,hand,607,648,825,718
frame_2296.jpg,157,152,hand,603,89,760,241
frame_2296.jpg,140,233,hand,357,144,497,377
frame_2299.jpg,99,27,hand,334,691,433,718
frame_2299.jpg,165,155,hand,603,163,768,318
frame_2299.jpg,137,223,hand,368,218,505,441
frame_2332.jpg,203,136,hand,561,235,764,371
frame_2332.jpg,163,153,hand,304,186,467,339
frame_2351.jpg,161,149,hand,584,241,745,390
frame_2351.jpg,155,148,hand,257,182,412,330
frame_2391.jpg,149,139,hand,647,174,796,313
frame_2391.jpg,208,146,hand,416,148,624,294
frame_2402.jpg,161,144,hand,614,169,775,313
frame_2402.jpg,208,150,hand,380,144,588,294
frame_2434.jpg,193,127,hand,565,144,758,271
frame_2434.jpg,155,174,hand,363,184,518,358
frame_2464.jpg,187,123,hand,571,146,758,269
frame_2464.jpg,174,199,hand,359,231,533,430
frame_2499.jpg,168,138,hand,590,144,758,282
frame_2499.jpg,192,157,hand,385,112,577,269
frame_2556.jpg,159,129,hand,607,197,766,326
frame_2556.jpg,153,233,hand,310,328,463,561
frame_2568.jpg,159,95,hand,611,214,770,309
frame_2568.jpg,142,203,hand,321,322,463,525
frame_2591.jpg,156,146,hand,669,201,825,347
frame_2591.jpg,146,142,hand,353,254,499,396
frame_2636.jpg,377,174,hand,14,544,391,718
frame_2636.jpg,166,89,hand,664,224,830,313
frame_2636.jpg,163,184,hand,338,267,501,451
frame_2658.jpg,278,193,hand,181,525,459,718
frame_2658.jpg,159,129,hand,694,180,853,309
frame_2658.jpg,168,224,hand,344,299,512,523
frame_2674.jpg,214,72,hand,304,646,518,718
frame_2674.jpg,167,136,hand,675,150,842,286
frame_2674.jpg,153,172,hand,302,137,455,309
frame_2680.jpg,58,30,hand,363,688,421,718
frame_2680.jpg,172,140,hand,677,165,849,305
frame_2680.jpg,136,174,hand,338,78,474,252
frame_0016.jpg,278,173,hand,210,543,488,716
frame_0016.jpg,156,213,hand,626,504,782,717
frame_0016.jpg,184,114,hand,604,218,788,332
frame_0016.jpg,142,124,hand,470,226,612,350
frame_0164.jpg,279,204,hand,209,512,488,716
frame_0164.jpg,336,243,hand,575,473,911,716
frame_0164.jpg,184,99,hand,633,180,817,279
frame_0164.jpg,149,145,hand,481,156,630,301
frame_0180.jpg,302,246,hand,174,472,476,718
frame_0180.jpg,377,282,hand,558,399,935,681
frame_0180.jpg,189,119,hand,589,90,778,209
frame_0180.jpg,155,133,hand,430,89,585,222
frame_0226.jpg,298,240,hand,213,477,511,717
frame_0226.jpg,301,220,hand,563,493,864,713
frame_0226.jpg,178,110,hand,620,111,798,221
frame_0226.jpg,159,129,hand,459,105,618,234
frame_0227.jpg,304,243,hand,193,475,497,718
frame_0227.jpg,310,239,hand,567,474,877,713
frame_0227.jpg,183,111,hand,613,106,796,217
frame_0227.jpg,148,135,hand,445,98,593,233
frame_0241.jpg,281,215,hand,150,503,431,718
frame_0241.jpg,315,229,hand,561,487,876,716
frame_0241.jpg,169,113,hand,602,114,771,227
frame_0241.jpg,165,126,hand,419,109,584,235
frame_0276.jpg,263,128,hand,143,589,406,717
frame_0276.jpg,215,141,hand,593,573,808,714
frame_0276.jpg,173,116,hand,573,144,746,260
frame_0276.jpg,162,144,hand,386,135,548,279
frame_0283.jpg,296,184,hand,115,534,411,718
frame_0283.jpg,339,180,hand,505,536,844,716
frame_0283.jpg,179,124,hand,569,106,748,230
frame_0283.jpg,160,132,hand,400,115,560,247
frame_0331.jpg,316,236,hand,162,482,478,718
frame_0331.jpg,408,244,hand,564,473,972,717
frame_0331.jpg,180,125,hand,614,89,794,214
frame_0331.jpg,158,173,hand,451,53,609,226
frame_0334.jpg,336,234,hand,158,482,494,716
frame_0334.jpg,374,297,hand,558,420,932,717
frame_0334.jpg,171,135,hand,617,82,788,217
frame_0334.jpg,160,144,hand,457,60,617,204
frame_0337.jpg,324,241,hand,158,477,482,718
frame_0337.jpg,363,323,hand,564,395,927,718
frame_0337.jpg,172,127,hand,606,77,778,204
frame_0337.jpg,169,124,hand,447,66,616,190
frame_0360.jpg,232,145,hand,192,572,424,717
frame_0360.jpg,276,283,hand,734,305,1010,588
frame_0360.jpg,182,116,hand,633,169,815,285
frame_0360.jpg,140,130,hand,482,159,622,289
frame_0411.jpg,108,79,hand,155,639,263,718
frame_0411.jpg,200,95,hand,550,622,750,717
frame_0411.jpg,126,103,hand,757,229,883,332
frame_0411.jpg,214,164,hand,472,272,686,436
frame_0412.jpg,99,78,hand,159,638,258,716
frame_0412.jpg,185,97,hand,564,619,749,716
frame_0412.jpg,126,109,hand,752,229,878,338
frame_0412.jpg,238,155,hand,451,268,689,423
frame_0419.jpg,281,86,hand,160,632,441,718
frame_0419.jpg,207,123,hand,576,594,783,717
frame_0419.jpg,121,101,hand,752,216,873,317
frame_0419.jpg,192,137,hand,433,144,625,281
frame_0427.jpg,284,121,hand,135,597,419,718
frame_0427.jpg,287,162,hand,546,555,833,717
frame_0427.jpg,144,93,hand,697,183,841,276
frame_0427.jpg,208,118,hand,481,107,689,225
frame_0450.jpg,293,117,hand,142,601,435,718
frame_0450.jpg,264,141,hand,536,577,800,718
frame_0450.jpg,127,109,hand,720,183,847,292
frame_0450.jpg,154,131,hand,400,114,554,245
frame_0557.jpg,340,193,hand,166,524,506,717
frame_0557.jpg,378,385,hand,672,324,1050,709
frame_0557.jpg,183,106,hand,588,99,771,205
frame_0557.jpg,160,133,hand,427,77,587,210
frame_0562.jpg,330,178,hand,177,539,507,717
frame_0562.jpg,410,283,hand,613,431,1023,714
frame_0562.jpg,179,102,hand,600,114,779,216
frame_0562.jpg,161,139,hand,435,82,596,221
frame_0629.jpg,315,128,hand,126,590,441,718
frame_0629.jpg,318,175,hand,546,543,864,718
frame_0629.jpg,172,110,hand,577,142,749,252
frame_0629.jpg,172,230,hand,280,238,452,468
frame_0632.jpg,286,114,hand,147,602,433,716
frame_0632.jpg,310,174,hand,544,544,854,718
frame_0632.jpg,155,109,hand,581,150,736,259
frame_0632.jpg,170,189,hand,295,226,465,415
frame_0637.jpg,306,125,hand,126,593,432,718
frame_0637.jpg,315,173,hand,530,545,845,718
frame_0637.jpg,159,113,hand,579,153,738,266
frame_0637.jpg,147,141,hand,329,164,476,305
frame_0638.jpg,312,121,hand,127,597,439,718
frame_0638.jpg,317,163,hand,527,555,844,718
frame_0638.jpg,161,99,hand,576,161,737,260
frame_0638.jpg,153,144,hand,340,144,493,288
frame_0685.jpg,344,207,hand,141,511,485,718
frame_0685.jpg,341,282,hand,583,432,924,714
frame_0685.jpg,212,102,hand,554,91,766,193
frame_0685.jpg,159,128,hand,377,76,536,204
frame_0707.jpg,152,115,hand,225,603,377,718
frame_0707.jpg,207,145,hand,654,569,861,714
frame_0707.jpg,205,95,hand,610,202,815,297
frame_0707.jpg,146,124,hand,463,159,609,283
frame_0760.jpg,298,218,hand,142,495,440,713
frame_0760.jpg,373,286,hand,528,431,901,717
frame_0760.jpg,189,109,hand,565,52,754,161
frame_0760.jpg,163,125,hand,373,48,536,173
frame_0768.jpg,312,227,hand,143,490,455,717
frame_0768.jpg,354,301,hand,522,415,876,716
frame_0768.jpg,184,108,hand,560,52,744,160
frame_0768.jpg,169,137,hand,371,35,540,172
frame_0804.jpg,154,120,hand,155,598,309,718
frame_0804.jpg,189,164,hand,539,272,728,436
frame_0804.jpg,183,115,hand,558,143,741,258
frame_0804.jpg,161,125,hand,373,134,534,259
frame_0805.jpg,154,115,hand,158,603,312,718
frame_0805.jpg,169,147,hand,543,293,712,440
frame_0805.jpg,190,113,hand,554,155,744,268
frame_0805.jpg,160,124,hand,379,148,539,272
frame_0823.jpg,337,153,hand,137,565,474,718
frame_0823.jpg,334,216,hand,522,502,856,718
frame_0823.jpg,185,105,hand,561,118,746,223
frame_0823.jpg,158,109,hand,394,113,552,222
frame_0858.jpg,321,124,hand,163,594,484,718
frame_0858.jpg,314,158,hand,542,560,856,718
frame_0858.jpg,154,92,hand,608,153,762,245
frame_0858.jpg,144,156,hand,379,94,523,250
frame_0859.jpg,290,116,hand,176,602,466,718
frame_0859.jpg,281,163,hand,560,555,841,718
frame_0859.jpg,157,84,hand,610,163,767,247
frame_0859.jpg,144,164,hand,365,128,509,292
frame_0880.jpg,324,146,hand,148,572,472,718
frame_0880.jpg,309,186,hand,547,531,856,717
frame_0880.jpg,162,117,hand,587,128,749,245
frame_0880.jpg,144,131,hand,432,110,576,241
frame_0911.jpg,190,126,hand,174,592,364,718
frame_0911.jpg,386,237,hand,556,481,942,718
frame_0911.jpg,199,134,hand,588,58,787,192
frame_0911.jpg,163,141,hand,410,60,573,201
frame_0914.jpg,174,115,hand,201,602,375,717
frame_0914.jpg,407,223,hand,507,495,914,718
frame_0914.jpg,191,113,hand,592,109,783,222
frame_0914.jpg,158,138,hand,426,89,584,227
frame_0937.jpg,326,167,hand,181,551,507,718
frame_0937.jpg,327,239,hand,585,478,912,717
frame_0937.jpg,197,95,hand,601,152,798,247
frame_0937.jpg,153,128,hand,451,114,604,242
frame_0955.jpg,270,103,hand,183,615,453,718
frame_0955.jpg,355,243,hand,493,473,848,716
frame_0955.jpg,193,117,hand,555,95,748,212
frame_0955.jpg,216,144,hand,382,31,598,175
frame_0975.jpg,307,213,hand,167,504,474,717
frame_0975.jpg,359,319,hand,522,398,881,717
frame_0975.jpg,184,116,hand,597,45,781,161
frame_0975.jpg,193,152,hand,218,110,411,262
frame_1010.jpg,277,140,hand,205,578,482,718
frame_1010.jpg,234,273,hand,638,291,872,564
frame_1010.jpg,201,102,hand,610,173,811,275
frame_1010.jpg,157,128,hand,473,146,630,274
frame_1048.jpg,198,219,hand,138,498,336,717
frame_1048.jpg,346,207,hand,432,510,778,717
frame_1048.jpg,208,107,hand,575,118,783,225
frame_1048.jpg,204,222,hand,278,210,482,432
frame_1110.jpg,121,20,hand,790,697,911,717
frame_1110.jpg,209,126,hand,1070,361,1279,487
frame_1110.jpg,184,128,hand,886,350,1070,478
frame_1190.jpg,205,115,hand,225,602,430,717
frame_1190.jpg,236,133,hand,531,585,767,718
frame_1190.jpg,185,109,hand,584,316,769,425
frame_1190.jpg,143,121,hand,444,351,587,472
frame_1203.jpg,208,99,hand,872,347,1080,446
frame_1203.jpg,157,111,hand,705,359,862,470
frame_1226.jpg,179,45,hand,200,669,379,714
frame_1226.jpg,237,96,hand,509,622,746,718
frame_1226.jpg,186,119,hand,539,349,725,468
frame_1226.jpg,155,124,hand,377,378,532,502
frame_1239.jpg,233,112,hand,253,606,486,718
frame_1239.jpg,263,146,hand,649,572,912,718
frame_1239.jpg,161,113,hand,642,296,803,409
frame_1239.jpg,149,125,hand,492,333,641,458
frame_1254.jpg,264,180,hand,118,536,382,716
frame_1254.jpg,210,163,hand,738,551,948,714
frame_1254.jpg,161,148,hand,530,309,691,457
frame_1254.jpg,154,145,hand,357,305,511,450
frame_1276.jpg,210,58,hand,193,660,403,718
frame_1276.jpg,265,115,hand,576,602,841,717
frame_1276.jpg,149,216,hand,509,419,658,635
frame_1276.jpg,174,153,hand,258,399,432,552
frame_1298.jpg,255,134,hand,123,584,378,718
frame_1298.jpg,204,184,hand,631,530,835,714
frame_1298.jpg,161,299,hand,404,330,565,629
frame_1298.jpg,150,245,hand,283,366,433,611
frame_1314.jpg,104,26,hand,345,692,449,718
frame_1314.jpg,124,217,hand,443,383,567,600
frame_1314.jpg,118,182,hand,300,439,418,621
frame_1365.jpg,250,104,hand,228,614,478,718
frame_1365.jpg,219,105,hand,493,609,712,714
frame_1365.jpg,185,182,hand,497,278,682,460
frame_1365.jpg,165,137,hand,374,288,539,425
frame_1373.jpg,238,101,hand,197,617,435,718
frame_1373.jpg,219,109,hand,469,609,688,718
frame_1373.jpg,168,228,hand,587,303,755,531
frame_1373.jpg,177,216,hand,280,340,457,556
frame_1432.jpg,223,122,hand,200,594,423,716
frame_1432.jpg,202,98,hand,567,619,769,717
frame_1432.jpg,145,90,hand,568,308,713,398
frame_1432.jpg,144,152,hand,342,325,486,477
frame_1434.jpg,282,146,hand,166,572,448,718
frame_1434.jpg,193,93,hand,568,625,761,718
frame_1434.jpg,147,100,hand,577,304,724,404
frame_1434.jpg,171,140,hand,327,332,498,472
frame_1456.jpg,230,117,hand,177,601,407,718
frame_1456.jpg,230,146,hand,556,572,786,718
frame_1456.jpg,147,155,hand,558,260,705,415
frame_1456.jpg,153,146,hand,345,285,498,431
frame_1462.jpg,226,115,hand,184,603,410,718
frame_1462.jpg,232,146,hand,555,572,787,718
frame_1462.jpg,132,148,hand,559,268,691,416
frame_1462.jpg,161,135,hand,381,301,542,436
frame_1480.jpg,224,92,hand,175,626,399,718
frame_1480.jpg,227,147,hand,538,570,765,717
frame_1480.jpg,137,120,hand,539,284,676,404
frame_1480.jpg,134,141,hand,338,284,472,425
frame_1520.jpg,217,94,hand,181,623,398,717
frame_1520.jpg,234,141,hand,535,577,769,718
frame_1520.jpg,152,169,hand,551,256,703,425
frame_1520.jpg,145,159,hand,300,299,445,458
frame_1550.jpg,268,219,hand,254,491,522,710
frame_1550.jpg,222,140,hand,540,578,762,718
frame_1550.jpg,149,238,hand,647,276,796,514
frame_1550.jpg,265,221,hand,448,351,713,572
frame_1564.jpg,252,159,hand,292,557,544,716
frame_1564.jpg,239,181,hand,556,536,795,717
frame_1564.jpg,147,205,hand,697,288,844,493
frame_1564.jpg,219,138,hand,490,344,709,482
frame_1585.jpg,308,228,hand,218,490,526,718
frame_1585.jpg,236,188,hand,518,530,754,718
frame_1585.jpg,197,148,hand,522,250,719,398
frame_1585.jpg,142,148,hand,365,243,507,391
frame_1612.jpg,280,245,hand,175,469,455,714
frame_1612.jpg,255,273,hand,526,441,781,714
frame_1612.jpg,128,65,hand,600,127,728,192
frame_1612.jpg,126,71,hand,484,117,610,188
frame_1642.jpg,263,238,hand,233,472,496,710
frame_1642.jpg,314,305,hand,585,413,899,718
frame_1642.jpg,159,159,hand,587,173,746,332
frame_1642.jpg,135,145,hand,445,159,580,304
frame_1661.jpg,301,215,hand,201,502,502,717
frame_1661.jpg,369,271,hand,591,429,960,700
frame_1661.jpg,183,99,hand,554,197,737,296
frame_1661.jpg,155,126,hand,399,190,554,316
frame_1672.jpg,283,133,hand,259,584,542,717
frame_1672.jpg,279,272,hand,754,440,1033,712
frame_1672.jpg,178,112,hand,614,250,792,362
frame_1672.jpg,153,131,hand,456,231,609,362
frame_1784.jpg,341,161,hand,133,557,474,718
frame_1784.jpg,386,210,hand,528,508,914,718
frame_1784.jpg,140,72,hand,675,180,815,252
frame_1784.jpg,201,132,hand,412,189,613,321
frame_1806.jpg,187,133,hand,150,584,337,717
frame_1806.jpg,338,204,hand,543,514,881,718
frame_1806.jpg,130,96,hand,717,192,847,288
frame_1806.jpg,170,121,hand,398,164,568,285
frame_1829.jpg,122,86,hand,177,631,299,717
frame_1829.jpg,276,153,hand,511,563,787,716
frame_1829.jpg,132,98,hand,696,243,828,341
frame_1829.jpg,178,117,hand,407,209,585,326
frame_1849.jpg,99,81,hand,209,635,308,716
frame_1849.jpg,298,196,hand,575,522,873,718
frame_1849.jpg,144,89,hand,771,274,915,363
frame_1849.jpg,204,170,hand,478,308,682,478
frame_1892.jpg,87,49,hand,134,669,221,718
frame_1892.jpg,281,184,hand,605,532,886,716
frame_1892.jpg,141,86,hand,676,281,817,367
frame_1892.jpg,209,147,hand,385,332,594,479
frame_1905.jpg,99,56,hand,141,662,240,718
frame_1905.jpg,223,205,hand,624,495,847,700
frame_1905.jpg,129,101,hand,666,274,795,375
frame_1905.jpg,168,112,hand,457,275,625,387
frame_1913.jpg,106,64,hand,135,654,241,718
frame_1913.jpg,241,231,hand,635,478,876,709
frame_1913.jpg,122,93,hand,670,278,792,371
frame_1913.jpg,169,151,hand,319,293,488,444
frame_1924.jpg,69,13,hand,266,704,335,717
frame_1924.jpg,262,217,hand,486,472,748,689
frame_1924.jpg,127,104,hand,679,271,806,375
frame_1924.jpg,156,147,hand,382,292,538,439
frame_1937.jpg,334,146,hand,158,572,492,718
frame_1937.jpg,351,223,hand,546,494,897,717
frame_1937.jpg,157,115,hand,576,219,733,334
frame_1937.jpg,163,124,hand,418,200,581,324
frame_1969.jpg,298,134,hand,217,584,515,718
frame_1969.jpg,417,217,hand,589,501,1006,718
frame_1969.jpg,170,110,hand,563,161,733,271
frame_1969.jpg,136,137,hand,404,171,540,308
frame_1986.jpg,342,169,hand,146,548,488,717
frame_1986.jpg,452,267,hand,591,445,1043,712
frame_1986.jpg,167,108,hand,542,134,709,242
frame_1986.jpg,159,125,hand,371,135,530,260
frame_2002.jpg,86,41,hand,308,677,394,718
frame_2002.jpg,247,77,hand,638,639,885,716
frame_2002.jpg,167,108,hand,620,241,787,349
frame_2002.jpg,166,122,hand,451,235,617,357
frame_2011.jpg,104,59,hand,279,658,383,717
frame_2011.jpg,295,124,hand,693,592,988,716
frame_2011.jpg,185,109,hand,631,242,816,351
frame_2011.jpg,157,128,hand,461,229,618,357
frame_2022.jpg,105,59,hand,240,659,345,718
frame_2022.jpg,316,86,hand,585,632,901,718
frame_2022.jpg,187,101,hand,561,206,748,307
frame_2022.jpg,152,130,hand,400,202,552,332
frame_2073.jpg,170,114,hand,246,602,416,716
frame_2073.jpg,384,211,hand,568,507,952,718
frame_2073.jpg,163,108,hand,614,200,777,308
frame_2073.jpg,149,120,hand,456,196,605,316
frame_2132.jpg,146,122,hand,207,596,353,718
frame_2132.jpg,402,203,hand,540,515,942,718
frame_2132.jpg,166,119,hand,568,180,734,299
frame_2132.jpg,146,131,hand,426,176,572,307
frame_2133.jpg,306,125,hand,192,593,498,718
frame_2133.jpg,419,208,hand,540,510,959,718
frame_2133.jpg,175,99,hand,565,196,740,295
frame_2133.jpg,154,114,hand,418,183,572,297
frame_2175.jpg,80,61,hand,448,656,528,717
frame_2175.jpg,299,124,hand,682,593,981,717
frame_2175.jpg,199,132,hand,666,259,865,391
frame_2175.jpg,137,119,hand,526,279,663,398
frame_2207.jpg,218,95,hand,275,623,493,718
frame_2207.jpg,282,239,hand,699,479,981,718
frame_2207.jpg,184,104,hand,610,251,794,355
frame_2207.jpg,141,128,hand,461,226,602,354
frame_2238.jpg,282,132,hand,210,584,492,716
frame_2238.jpg,281,203,hand,667,373,948,576
frame_2238.jpg,196,111,hand,588,167,784,278
frame_2238.jpg,155,130,hand,424,161,579,291
frame_2244.jpg,264,129,hand,184,588,448,717
frame_2244.jpg,219,234,hand,653,464,872,698
frame_2244.jpg,180,101,hand,558,225,738,326
frame_2244.jpg,139,132,hand,407,197,546,329
frame_2272.jpg,256,137,hand,148,581,404,718
frame_2272.jpg,344,272,hand,584,445,928,717
frame_2272.jpg,179,100,hand,530,255,709,355
frame_2272.jpg,133,118,hand,369,235,502,353
frame_2321.jpg,159,107,hand,224,607,383,714
frame_2321.jpg,292,149,hand,577,569,869,718
frame_2321.jpg,176,107,hand,573,221,749,328
frame_2321.jpg,143,145,hand,331,222,474,367
frame_2324.jpg,141,91,hand,249,627,390,718
frame_2324.jpg,280,135,hand,576,582,856,717
frame_2324.jpg,172,107,hand,581,233,753,340
frame_2324.jpg,178,176,hand,319,272,497,448
frame_2327.jpg,140,87,hand,262,630,402,717
frame_2327.jpg,252,130,hand,596,586,848,716
frame_2327.jpg,175,116,hand,584,229,759,345
frame_2327.jpg,197,220,hand,304,332,501,552
frame_2371.jpg,204,130,hand,224,584,428,714
frame_2371.jpg,386,244,hand,501,462,887,706
frame_2371.jpg,197,113,hand,572,217,769,330
frame_2371.jpg,145,133,hand,418,208,563,341
frame_2378.jpg,213,43,hand,300,675,513,718
frame_2378.jpg,200,189,hand,571,351,771,540
frame_2378.jpg,191,100,hand,596,267,787,367
frame_2378.jpg,152,120,hand,437,237,589,357
frame_2434.jpg,100,43,hand,315,675,415,718
frame_2434.jpg,343,150,hand,548,568,891,718
frame_2434.jpg,128,101,hand,715,246,843,347
frame_2434.jpg,149,129,hand,410,242,559,371
frame_2438.jpg,112,43,hand,296,675,408,718
frame_2438.jpg,336,150,hand,547,568,883,718
frame_2438.jpg,125,74,hand,716,275,841,349
frame_2438.jpg,199,163,hand,484,279,683,442
frame_2524.jpg,104,52,hand,356,664,460,716
frame_2524.jpg,203,155,hand,546,404,749,559
frame_2524.jpg,198,118,hand,635,247,833,365
frame_2524.jpg,151,121,hand,482,238,633,359
frame_2571.jpg,227,105,hand,250,613,477,718
frame_2571.jpg,408,206,hand,493,512,901,718
frame_2571.jpg,209,116,hand,583,175,792,291
frame_2571.jpg,143,129,hand,453,180,596,309
frame_2580.jpg,245,95,hand,187,623,432,718
frame_2580.jpg,336,255,hand,654,374,990,629
frame_2580.jpg,219,110,hand,527,193,746,303
frame_2580.jpg,150,128,hand,389,190,539,318
frame_2586.jpg,103,64,hand,214,654,317,718
frame_2586.jpg,246,209,hand,674,462,920,671
frame_2586.jpg,200,102,hand,522,231,722,333
frame_2586.jpg,140,127,hand,383,213,523,340
frame_2589.jpg,102,70,hand,217,648,319,718
frame_2589.jpg,230,232,hand,680,478,910,710
frame_2589.jpg,186,103,hand,539,237,725,340
frame_2589.jpg,148,127,hand,386,217,534,344
frame_2649.jpg,310,122,hand,114,596,424,718
frame_2649.jpg,227,219,hand,650,462,877,681
frame_2649.jpg,196,108,hand,492,214,688,322
frame_2649.jpg,159,122,hand,340,198,499,320
frame_2658.jpg,308,142,hand,110,576,418,718
frame_2658.jpg,306,270,hand,614,390,920,660
frame_2658.jpg,181,110,hand,493,219,674,329
frame_2658.jpg,153,104,hand,345,205,498,309
frame_0032.jpg,197,144,hand,806,335,1003,479
frame_0032.jpg,227,130,hand,425,349,652,479
frame_0085.jpg,182,57,hand,654,661,836,718
frame_0085.jpg,198,136,hand,755,311,953,447
frame_0085.jpg,265,165,hand,533,212,798,377
frame_0093.jpg,224,61,hand,671,657,895,718
frame_0093.jpg,206,129,hand,747,318,953,447
frame_0093.jpg,229,153,hand,537,226,766,379
frame_0096.jpg,110,21,hand,705,697,815,718
frame_0096.jpg,216,144,hand,781,335,997,479
frame_0096.jpg,227,163,hand,565,229,792,392
frame_0124.jpg,212,138,hand,700,375,912,513
frame_0124.jpg,209,148,hand,474,354,683,502
frame_0145.jpg,210,68,hand,762,650,972,718
frame_0145.jpg,277,142,hand,792,347,1069,489
frame_0145.jpg,204,142,hand,558,343,762,485
frame_0204.jpg,193,38,hand,628,680,821,718
frame_0204.jpg,242,146,hand,802,392,1044,538
frame_0204.jpg,195,148,hand,605,356,800,504
frame_0262.jpg,328,68,hand,561,650,889,718
frame_0262.jpg,226,142,hand,792,368,1018,510
frame_0262.jpg,224,150,hand,544,356,768,506
frame_0263.jpg,324,68,hand,561,650,885,718
frame_0263.jpg,222,147,hand,792,368,1014,515
frame_0263.jpg,207,146,hand,548,360,755,506
frame_0321.jpg,316,95,hand,166,623,482,718
frame_0321.jpg,291,104,hand,647,614,938,718
frame_0321.jpg,233,149,hand,775,328,1008,477
frame_0321.jpg,225,133,hand,550,324,775,457
frame_0342.jpg,306,66,hand,166,652,472,718
frame_0342.jpg,295,80,hand,641,638,936,718
frame_0342.jpg,241,127,hand,762,347,1003,474
frame_0342.jpg,216,138,hand,548,332,764,470
frame_0350.jpg,305,61,hand,173,657,478,718
frame_0350.jpg,301,78,hand,624,640,925,718
frame_0350.jpg,235,135,hand,766,352,1001,487
frame_0350.jpg,219,140,hand,541,347,760,487
frame_0374.jpg,210,44,hand,209,674,419,718
frame_0374.jpg,148,68,hand,779,650,927,718
frame_0374.jpg,214,137,hand,781,352,995,489
frame_0374.jpg,222,155,hand,548,286,770,441
frame_0383.jpg,233,149,hand,921,366,1154,515
frame_0383.jpg,260,256,hand,563,360,823,616
frame_0403.jpg,210,134,hand,726,345,936,479
frame_0403.jpg,191,131,hand,522,339,713,470
frame_0425.jpg,500,180,hand,440,538,940,718
frame_0425.jpg,253,131,hand,789,377,1042,508
frame_0425.jpg,197,131,hand,588,356,785,487
frame_0437.jpg,352,320,hand,800,356,1152,676
frame_0437.jpg,195,129,hand,573,360,768,489
frame_0439.jpg,343,271,hand,834,447,1177,718
frame_0439.jpg,269,117,hand,775,360,1044,477
frame_0439.jpg,201,134,hand,567,360,768,494
frame_0462.jpg,235,119,hand,694,330,929,449
frame_0462.jpg,195,129,hand,501,309,696,438
frame_0504.jpg,246,136,hand,626,313,872,449
frame_0504.jpg,187,133,hand,429,339,616,472
frame_0530.jpg,234,115,hand,647,328,881,443
frame_0530.jpg,216,125,hand,438,330,654,455
frame_0604.jpg,223,129,hand,732,428,955,557
frame_0604.jpg,236,195,hand,346,426,582,621
frame_0657.jpg,183,87,hand,683,631,866,718
frame_0657.jpg,178,117,hand,660,343,838,460
frame_0657.jpg,220,135,hand,457,322,677,457
frame_0677.jpg,217,120,hand,630,318,847,438
frame_0677.jpg,174,134,hand,452,307,626,441
frame_0686.jpg,227,138,hand,654,313,881,451
frame_0686.jpg,182,123,hand,472,337,654,460
frame_0688.jpg,247,134,hand,650,313,897,447
frame_0688.jpg,169,134,hand,474,332,643,466
frame_0695.jpg,263,127,hand,639,309,902,436
frame_0695.jpg,193,144,hand,450,313,643,457
frame_0745.jpg,146,32,hand,669,686,815,718
frame_0745.jpg,201,133,hand,703,354,904,487
frame_0745.jpg,245,225,hand,332,347,577,572
frame_0747.jpg,146,36,hand,675,682,821,718
frame_0747.jpg,212,132,hand,717,362,929,494
frame_0747.jpg,254,263,hand,319,360,573,623
frame_0751.jpg,142,51,hand,675,667,817,718
frame_0751.jpg,199,136,hand,728,349,927,485
frame_0751.jpg,223,218,hand,325,394,548,612
frame_0771.jpg,219,130,hand,734,366,953,496
frame_0771.jpg,260,161,hand,317,229,577,390
frame_0840.jpg,311,254,hand,726,464,1037,718
frame_0840.jpg,248,123,hand,696,320,944,443
frame_0840.jpg,201,133,hand,493,320,694,453
frame_0856.jpg,250,85,hand,671,633,921,718
frame_0856.jpg,250,131,hand,677,322,927,453
frame_0856.jpg,182,121,hand,508,328,690,449
frame_0910.jpg,125,59,hand,726,659,851,718
frame_0910.jpg,239,115,hand,673,326,912,441
frame_0910.jpg,195,121,hand,482,326,677,447
frame_0919.jpg,239,123,hand,656,322,895,445
frame_0919.jpg,180,120,hand,482,318,662,438
frame_0944.jpg,61,27,hand,173,691,234,718
frame_0944.jpg,86,51,hand,703,667,789,718
frame_0944.jpg,224,125,hand,652,303,876,428
frame_0944.jpg,218,137,hand,442,246,660,383
frame_0949.jpg,51,27,hand,168,691,219,718
frame_0949.jpg,106,51,hand,677,667,783,718
frame_0949.jpg,231,128,hand,639,296,870,424
frame_0949.jpg,218,148,hand,446,231,664,379
frame_1027.jpg,216,140,hand,760,288,976,428
frame_1027.jpg,221,265,hand,399,339,620,604
frame_1030.jpg,197,137,hand,785,390,982,527
frame_1030.jpg,214,280,hand,421,432,635,712
frame_1059.jpg,214,123,hand,652,326,866,449
frame_1059.jpg,216,132,hand,419,328,635,460
frame_1138.jpg,187,59,hand,594,659,781,718
frame_1138.jpg,267,138,hand,647,269,914,407
frame_1138.jpg,180,142,hand,493,263,673,405
frame_1184.jpg,210,121,hand,698,320,908,441
frame_1184.jpg,284,164,hand,378,226,662,390
frame_1203.jpg,212,125,hand,654,305,866,430
frame_1203.jpg,244,168,hand,393,273,637,441
frame_1267.jpg,240,123,hand,713,294,953,417
frame_1267.jpg,190,131,hand,529,265,719,396
frame_1277.jpg,111,40,hand,700,678,811,718
frame_1277.jpg,228,125,hand,686,290,914,415
frame_1277.jpg,189,131,hand,497,288,686,419
frame_1310.jpg,233,123,hand,641,294,874,417
frame_1310.jpg,222,125,hand,419,307,641,432
frame_1322.jpg,235,131,hand,635,286,870,417
frame_1322.jpg,201,129,hand,404,288,605,417
frame_1345.jpg,209,127,hand,650,290,859,417
frame_1345.jpg,256,170,hand,476,207,732,377
frame_1366.jpg,203,131,hand,686,305,889,436
frame_1366.jpg,250,214,hand,508,411,758,625
frame_1433.jpg,291,288,hand,666,430,957,718
frame_1433.jpg,225,117,hand,675,324,900,441
frame_1433.jpg,195,135,hand,474,299,669,434
frame_1476.jpg,278,152,hand,577,566,855,718
frame_1476.jpg,205,125,hand,703,309,908,434
frame_1476.jpg,161,142,hand,529,305,690,447
frame_1477.jpg,273,144,hand,580,574,853,718
frame_1477.jpg,199,127,hand,703,307,902,434
frame_1477.jpg,159,133,hand,522,305,681,438
frame_1484.jpg,229,127,hand,785,322,1014,449
frame_1484.jpg,233,161,hand,423,284,656,445
frame_1533.jpg,333,74,hand,514,644,847,718
frame_1533.jpg,205,117,hand,690,294,895,411
frame_1533.jpg,231,150,hand,393,212,624,362
frame_1535.jpg,350,80,hand,518,638,868,718
frame_1535.jpg,231,127,hand,681,290,912,417
frame_1535.jpg,218,157,hand,374,203,592,360
frame_1580.jpg,337,201,hand,698,517,1035,718
frame_1580.jpg,237,129,hand,675,318,912,447
frame_1580.jpg,220,144,hand,472,267,692,411
frame_1663.jpg,299,78,hand,541,640,840,718
frame_1663.jpg,241,136,hand,760,453,1001,589
frame_1663.jpg,201,144,hand,550,428,751,572
frame_1707.jpg,277,172,hand,671,546,948,718
frame_1707.jpg,278,132,hand,734,347,1012,479
frame_1707.jpg,166,144,hand,558,335,724,479
frame_1745.jpg,127,44,hand,732,674,859,718
frame_1745.jpg,278,133,hand,747,320,1025,453
frame_1745.jpg,176,138,hand,588,315,764,453
frame_1768.jpg,350,180,hand,639,538,989,718
frame_1768.jpg,248,133,hand,707,337,955,470
frame_1768.jpg,187,127,hand,520,345,707,472
frame_1769.jpg,370,203,hand,686,515,1056,718
frame_1769.jpg,252,121,hand,703,341,955,462
frame_1769.jpg,191,125,hand,514,341,705,466
frame_1770.jpg,356,227,hand,724,491,1080,718
frame_1770.jpg,256,114,hand,703,339,959,453
frame_1770.jpg,184,137,hand,525,337,709,474
frame_1832.jpg,350,241,hand,639,477,989,718
frame_1832.jpg,250,120,hand,728,335,978,455
frame_1832.jpg,191,138,hand,522,315,713,453
frame_1835.jpg,297,269,hand,694,449,991,718
frame_1835.jpg,229,138,hand,753,339,982,477
frame_1835.jpg,262,148,hand,474,301,736,449
frame_1876.jpg,233,132,hand,775,383,1008,515
frame_1876.jpg,208,205,hand,389,356,597,561
frame_1887.jpg,132,36,hand,628,682,760,718
frame_1887.jpg,231,134,hand,719,345,950,479
frame_1887.jpg,222,161,hand,366,216,588,377
frame_1906.jpg,165,61,hand,669,657,834,718
frame_1906.jpg,242,128,hand,700,313,942,441
frame_1906.jpg,212,127,hand,514,282,726,409
frame_1915.jpg,172,49,hand,622,669,794,718
frame_1915.jpg,252,116,hand,698,318,950,434
frame_1915.jpg,206,144,hand,503,277,709,421
frame_2006.jpg,273,119,hand,677,599,950,718
frame_2006.jpg,257,135,hand,713,335,970,470
frame_2006.jpg,209,142,hand,508,322,717,464
frame_2028.jpg,68,17,hand,620,701,688,718
frame_2028.jpg,265,132,hand,724,330,989,462
frame_2028.jpg,199,132,hand,529,328,728,460
frame_2035.jpg,180,44,hand,597,674,777,718
frame_2035.jpg,271,125,hand,705,328,976,453
frame_2035.jpg,199,138,hand,520,322,719,460
frame_2037.jpg,263,72,hand,590,646,853,718
frame_2037.jpg,252,156,hand,711,301,963,457
frame_2037.jpg,205,137,hand,508,320,713,457
frame_2044.jpg,146,34,hand,563,684,709,718
frame_2044.jpg,248,123,hand,692,332,940,455
frame_2044.jpg,212,140,hand,493,345,705,485
frame_2045.jpg,144,34,hand,565,684,709,718
frame_2045.jpg,244,130,hand,694,330,938,460
frame_2045.jpg,221,130,hand,488,347,709,477
frame_2066.jpg,66,15,hand,711,703,777,718
frame_2066.jpg,255,142,hand,806,332,1061,474
frame_2066.jpg,219,153,hand,575,328,794,481
frame_2103.jpg,364,169,hand,656,549,1020,718
frame_2103.jpg,235,133,hand,832,354,1067,487
frame_2103.jpg,199,144,hand,633,341,832,485
frame_2138.jpg,46,19,hand,224,699,270,718
frame_2138.jpg,271,89,hand,569,629,840,718
frame_2138.jpg,242,127,hand,715,326,957,453
frame_2138.jpg,191,125,hand,522,320,713,445
frame_2144.jpg,60,23,hand,217,695,277,718
frame_2144.jpg,267,93,hand,582,623,849,716
frame_2144.jpg,233,144,hand,722,311,955,455
frame_2144.jpg,188,129,hand,529,324,717,453
frame_2147.jpg,45,17,hand,236,701,281,718
frame_2147.jpg,271,99,hand,580,619,851,718
frame_2147.jpg,240,123,hand,715,320,955,443
frame_2147.jpg,191,123,hand,531,320,722,443
frame_2160.jpg,45,15,hand,236,703,281,718
frame_2160.jpg,248,131,hand,603,587,851,718
frame_2160.jpg,248,130,hand,728,311,976,441
frame_2160.jpg,191,127,hand,522,301,713,428
frame_2198.jpg,49,21,hand,232,697,281,718
frame_2198.jpg,280,99,hand,605,619,885,718
frame_2198.jpg,203,110,hand,747,341,950,451
frame_2198.jpg,201,133,hand,525,303,726,436
frame_2199.jpg,51,19,hand,232,699,283,718
frame_2199.jpg,280,102,hand,607,616,887,718
frame_2199.jpg,206,114,hand,753,343,959,457
frame_2199.jpg,216,148,hand,512,303,728,451
frame_2223.jpg,68,40,hand,185,676,253,716
frame_2223.jpg,256,51,hand,561,667,817,718
frame_2223.jpg,222,131,hand,832,341,1054,472
frame_2223.jpg,225,183,hand,469,296,694,479
frame_2243.jpg,57,28,hand,198,688,255,716
frame_2243.jpg,269,74,hand,633,644,902,718
frame_2243.jpg,289,128,hand,736,332,1025,460
frame_2243.jpg,186,140,hand,546,309,732,449
frame_2269.jpg,83,42,hand,179,676,262,718
frame_2269.jpg,76,15,hand,652,703,728,718
frame_2269.jpg,271,127,hand,745,328,1016,455
frame_2269.jpg,195,131,hand,550,299,745,430
frame_2292.jpg,85,53,hand,164,665,249,718
frame_2292.jpg,271,129,hand,711,301,982,430
frame_2292.jpg,183,134,hand,522,313,705,447
frame_2405.jpg,91,46,hand,175,672,266,718
frame_2405.jpg,186,110,hand,652,608,838,718
frame_2405.jpg,257,128,hand,719,296,976,424
frame_2405.jpg,194,146,hand,525,284,719,430
frame_2445.jpg,66,30,hand,232,688,298,718
frame_2445.jpg,159,72,hand,630,646,789,718
frame_2445.jpg,212,146,hand,758,301,970,447
frame_2445.jpg,210,129,hand,550,324,760,453
frame_2466.jpg,59,30,hand,228,686,287,716
frame_2466.jpg,150,72,hand,633,646,783,718
frame_2466.jpg,195,140,hand,745,296,940,436
frame_2466.jpg,186,139,hand,550,318,736,457
frame_2472.jpg,53,32,hand,230,686,283,718
frame_2472.jpg,159,70,hand,626,648,785,718
frame_2472.jpg,202,127,hand,753,311,955,438
frame_2472.jpg,208,127,hand,537,328,745,455
frame_2476.jpg,49,25,hand,236,693,285,718
frame_2476.jpg,148,74,hand,633,644,781,718
frame_2476.jpg,199,130,hand,758,311,957,441
frame_2476.jpg,241,132,hand,510,332,751,464
frame_2509.jpg,100,38,hand,594,680,694,718
frame_2509.jpg,203,132,hand,919,345,1122,477
frame_2509.jpg,282,263,hand,586,449,868,712
frame_2521.jpg,97,34,hand,601,684,698,718
frame_2521.jpg,212,125,hand,734,322,946,447
frame_2521.jpg,199,132,hand,518,330,717,462
frame_2565.jpg,343,174,hand,654,544,997,718
frame_2565.jpg,256,123,hand,675,307,931,430
frame_2565.jpg,188,159,hand,508,271,696,430
frame_2584.jpg,65,44,hand,209,674,274,718
frame_2584.jpg,328,131,hand,544,587,872,718
frame_2584.jpg,261,144,hand,698,282,959,426
frame_2584.jpg,191,142,hand,518,294,709,436
frame_2585.jpg,76,38,hand,205,678,281,716
frame_2585.jpg,309,131,hand,546,587,855,718
frame_2585.jpg,243,140,hand,705,288,948,428
frame_2585.jpg,202,146,hand,503,290,705,436
frame_2590.jpg,57,34,hand,228,684,285,718
frame_2590.jpg,315,123,hand,544,595,859,718
frame_2590.jpg,258,134,hand,709,296,967,430
frame_2590.jpg,192,149,hand,525,313,717,462
frame_2591.jpg,70,32,hand,213,686,283,718
frame_2591.jpg,318,129,hand,546,589,864,718
frame_2591.jpg,246,121,hand,709,309,955,430
frame_2591.jpg,203,135,hand,512,322,715,457
frame_2605.jpg,222,87,hand,550,631,772,718
frame_2605.jpg,216,135,hand,698,337,914,472
frame_2605.jpg,187,142,hand,501,343,688,485
frame_2620.jpg,199,76,hand,565,642,764,718
frame_2620.jpg,220,140,hand,722,332,942,472
frame_2620.jpg,231,149,hand,459,279,690,428
frame_0077.jpg,291,164,hand,600,555,891,719
frame_0077.jpg,142,118,hand,613,277,755,395
frame_0077.jpg,106,109,hand,515,268,621,377
frame_0078.jpg,292,164,hand,598,555,890,719
frame_0078.jpg,125,92,hand,617,303,742,395
frame_0078.jpg,107,112,hand,511,270,618,382
frame_0082.jpg,331,163,hand,591,556,922,719
frame_0082.jpg,132,114,hand,617,285,749,399
frame_0082.jpg,105,103,hand,511,281,616,384
frame_0101.jpg,292,173,hand,687,546,979,719
frame_0101.jpg,153,130,hand,680,261,833,391
frame_0101.jpg,138,107,hand,550,249,688,356
frame_0114.jpg,280,163,hand,894,556,1174,719
frame_0114.jpg,153,143,hand,752,339,905,482
frame_0114.jpg,135,121,hand,639,317,774,438
frame_0160.jpg,328,156,hand,699,560,1027,716
frame_0160.jpg,163,110,hand,656,317,819,427
frame_0160.jpg,150,131,hand,371,187,521,318
frame_0192.jpg,315,160,hand,701,559,1016,719
frame_0192.jpg,171,111,hand,670,295,841,406
frame_0192.jpg,133,125,hand,456,245,589,370
frame_0230.jpg,337,138,hand,671,580,1008,718
frame_0230.jpg,169,103,hand,685,314,854,417
frame_0230.jpg,160,234,hand,300,367,460,601
frame_0266.jpg,312,159,hand,600,560,912,719
frame_0266.jpg,167,85,hand,624,363,791,448
frame_0266.jpg,143,135,hand,464,297,607,432
frame_0288.jpg,281,220,hand,663,499,944,719
frame_0288.jpg,173,98,hand,646,377,819,475
frame_0288.jpg,134,141,hand,486,322,620,463
frame_0300.jpg,275,122,hand,556,597,831,719
frame_0300.jpg,165,98,hand,721,377,886,475
frame_0300.jpg,149,150,hand,561,314,710,464
frame_0317.jpg,356,146,hand,570,573,926,719
frame_0317.jpg,159,92,hand,600,356,759,448
frame_0317.jpg,131,132,hand,440,295,571,427
frame_0368.jpg,385,215,hand,738,503,1123,718
frame_0368.jpg,170,95,hand,677,310,847,405
frame_0368.jpg,171,153,hand,500,240,671,393
frame_0453.jpg,243,78,hand,726,641,969,719
frame_0453.jpg,171,137,hand,712,320,883,457
frame_0453.jpg,227,241,hand,279,393,506,634
frame_0460.jpg,191,54,hand,720,665,911,719
frame_0460.jpg,172,146,hand,705,318,877,464
frame_0460.jpg,168,159,hand,503,286,671,445
frame_0493.jpg,385,153,hand,463,566,848,719
frame_0493.jpg,154,129,hand,567,281,721,410
frame_0493.jpg,161,132,hand,396,288,557,420
frame_0499.jpg,368,161,hand,474,558,842,719
frame_0499.jpg,154,130,hand,598,288,752,418
frame_0499.jpg,170,138,hand,422,290,592,428
frame_0525.jpg,53,23,hand,404,686,457,709
frame_0525.jpg,118,26,hand,609,690,727,716
frame_0525.jpg,162,115,hand,728,388,890,503
frame_0525.jpg,163,124,hand,536,396,699,520
frame_0534.jpg,167,41,hand,335,674,502,715
frame_0534.jpg,152,125,hand,752,395,904,520
frame_0534.jpg,178,127,hand,536,400,714,527
frame_0560.jpg,151,142,hand,737,392,888,534
frame_0560.jpg,178,137,hand,552,405,730,542
frame_0598.jpg,253,145,hand,470,574,723,719
frame_0598.jpg,199,193,hand,961,391,1160,584
frame_0598.jpg,210,163,hand,777,379,987,542
frame_0609.jpg,245,127,hand,479,592,724,719
frame_0609.jpg,212,192,hand,998,403,1210,595
frame_0609.jpg,203,163,hand,806,386,1009,549
frame_0614.jpg,246,138,hand,488,581,734,719
frame_0614.jpg,207,172,hand,1004,402,1211,574
frame_0614.jpg,194,163,hand,820,374,1014,537
frame_0622.jpg,260,214,hand,557,505,817,719
frame_0622.jpg,193,170,hand,937,385,1130,555
frame_0622.jpg,171,156,hand,760,371,931,527
frame_0625.jpg,285,249,hand,599,470,884,719
frame_0625.jpg,175,163,hand,886,378,1061,541
frame_0625.jpg,185,146,hand,694,373,879,519
frame_0640.jpg,99,73,hand,18,643,117,716
frame_0640.jpg,172,141,hand,716,443,888,584
frame_0640.jpg,159,145,hand,547,460,706,605
frame_0647.jpg,166,133,hand,717,496,883,629
frame_0647.jpg,157,154,hand,557,491,714,645
frame_0696.jpg,246,226,hand,588,487,834,713
frame_0696.jpg,157,110,hand,557,339,714,449
frame_0696.jpg,137,134,hand,376,336,513,470
frame_0707.jpg,249,135,hand,591,584,840,719
frame_0707.jpg,174,135,hand,653,392,827,527
frame_0707.jpg,149,139,hand,500,377,649,516
frame_0708.jpg,244,142,hand,582,577,826,719
frame_0708.jpg,167,128,hand,641,391,808,519
frame_0708.jpg,147,145,hand,490,368,637,513
frame_0801.jpg,149,58,hand,215,661,364,719
frame_0801.jpg,226,127,hand,714,592,940,719
frame_0801.jpg,179,171,hand,762,398,941,569
frame_0801.jpg,156,136,hand,595,395,751,531
frame_0813.jpg,89,64,hand,175,654,264,718
frame_0813.jpg,292,131,hand,646,588,938,719
frame_0813.jpg,183,159,hand,710,353,893,512
frame_0813.jpg,166,140,hand,525,366,691,506
frame_0839.jpg,166,63,hand,240,656,406,719
frame_0839.jpg,281,148,hand,666,571,947,719
frame_0839.jpg,171,146,hand,687,285,858,431
frame_0839.jpg,156,131,hand,514,304,670,435
frame_0860.jpg,89,74,hand,208,645,297,719
frame_0860.jpg,332,142,hand,625,577,957,719
frame_0860.jpg,157,141,hand,692,311,849,452
frame_0860.jpg,164,135,hand,520,327,684,462
frame_0902.jpg,366,266,hand,611,453,977,719
frame_0902.jpg,168,132,hand,659,309,827,441
frame_0902.jpg,156,123,hand,497,318,653,441
frame_0905.jpg,362,231,hand,611,488,973,719
frame_0905.jpg,183,124,hand,637,313,820,437
frame_0905.jpg,162,121,hand,477,318,639,439
frame_0946.jpg,255,214,hand,742,505,997,719
frame_0946.jpg,174,112,hand,675,389,849,501
frame_0946.jpg,164,138,hand,500,388,664,526
frame_0992.jpg,285,75,hand,609,644,894,719
frame_0992.jpg,174,128,hand,677,411,851,539
frame_0992.jpg,170,132,hand,496,406,666,538
frame_1067.jpg,325,132,hand,669,587,994,719
frame_1067.jpg,170,129,hand,735,381,905,510
frame_1067.jpg,163,133,hand,547,373,710,506
frame_1103.jpg,321,214,hand,791,505,1112,719
frame_1103.jpg,231,151,hand,559,430,790,581
frame_1103.jpg,128,116,hand,418,339,546,455
frame_1145.jpg,315,114,hand,564,605,879,719
frame_1145.jpg,139,209,hand,666,324,805,533
frame_1145.jpg,160,138,hand,477,385,637,523
frame_1161.jpg,202,42,hand,657,676,859,718
frame_1161.jpg,153,141,hand,567,457,720,598
frame_1176.jpg,202,79,hand,664,640,866,719
frame_1176.jpg,171,118,hand,805,601,976,719
frame_1176.jpg,170,136,hand,561,452,731,588
frame_1184.jpg,320,173,hand,47,545,367,718
frame_1184.jpg,388,110,hand,770,608,1158,718
frame_1184.jpg,167,97,hand,930,520,1097,617
frame_1184.jpg,160,149,hand,678,370,838,519
frame_1238.jpg,217,113,hand,606,606,823,719
frame_1238.jpg,157,142,hand,1122,577,1279,719
frame_1238.jpg,215,185,hand,931,456,1146,641
frame_1271.jpg,230,129,hand,650,590,880,719
frame_1271.jpg,100,118,hand,1179,601,1279,719
frame_1271.jpg,213,208,hand,802,501,1015,709
frame_1295.jpg,238,43,hand,695,676,933,719
frame_1295.jpg,177,153,hand,664,520,841,673
frame_1295.jpg,178,148,hand,411,524,589,672
frame_1319.jpg,245,199,hand,802,520,1047,719
frame_1319.jpg,151,108,hand,765,484,916,592
frame_1319.jpg,180,135,hand,575,457,755,592
frame_1320.jpg,245,213,hand,798,503,1043,716
frame_1320.jpg,168,115,hand,763,482,931,597
frame_1320.jpg,168,134,hand,581,456,749,590
frame_1322.jpg,277,56,hand,9,662,286,718
frame_1322.jpg,237,136,hand,752,580,989,716
frame_1322.jpg,174,98,hand,753,482,927,580
frame_1322.jpg,173,123,hand,566,460,739,583
frame_1334.jpg,236,36,hand,86,683,322,719
frame_1334.jpg,66,28,hand,731,690,797,718
frame_1334.jpg,181,143,hand,816,527,997,670
frame_1334.jpg,184,128,hand,625,494,809,622
frame_1350.jpg,116,67,hand,305,648,421,715
frame_1350.jpg,271,159,hand,724,560,995,719
frame_1350.jpg,176,122,hand,769,388,945,510
frame_1350.jpg,172,127,hand,591,374,763,501
frame_1351.jpg,254,89,hand,296,629,550,718
frame_1351.jpg,329,188,hand,669,531,998,719
frame_1351.jpg,168,122,hand,770,374,938,496
frame_1351.jpg,169,124,hand,589,361,758,485
frame_1371.jpg,225,81,hand,325,638,550,719
frame_1371.jpg,364,184,hand,645,535,1009,719
frame_1371.jpg,163,123,hand,714,375,877,498
frame_1371.jpg,145,153,hand,404,366,549,519
frame_1407.jpg,156,122,hand,806,565,962,687
frame_1407.jpg,167,120,hand,634,542,801,662
frame_1408.jpg,162,109,hand,785,585,947,694
frame_1408.jpg,156,130,hand,618,544,774,674
frame_1438.jpg,218,70,hand,254,649,472,719
frame_1438.jpg,260,141,hand,656,578,916,719
frame_1438.jpg,102,28,hand,873,4,975,32
frame_1438.jpg,164,124,hand,589,389,753,513
frame_1476.jpg,111,118,hand,283,601,394,719
frame_1476.jpg,304,246,hand,698,473,1002,719
frame_1476.jpg,171,139,hand,684,360,855,499
frame_1476.jpg,139,129,hand,550,352,689,481
frame_1485.jpg,283,131,hand,262,588,545,719
frame_1485.jpg,268,260,hand,748,459,1016,719
frame_1485.jpg,97,95,hand,773,367,870,462
frame_1485.jpg,98,125,hand,554,357,652,482
frame_1557.jpg,106,93,hand,332,626,438,719
frame_1557.jpg,208,290,hand,941,421,1149,711
frame_1557.jpg,201,181,hand,808,347,1009,528
frame_1557.jpg,161,142,hand,613,370,774,512
frame_1562.jpg,80,59,hand,246,659,326,718
frame_1562.jpg,341,249,hand,531,470,872,719
frame_1562.jpg,173,134,hand,646,360,819,494
frame_1562.jpg,165,139,hand,465,363,630,502
frame_1585.jpg,86,58,hand,325,661,411,719
frame_1585.jpg,375,202,hand,545,517,920,719
frame_1585.jpg,171,117,hand,699,361,870,478
frame_1585.jpg,166,140,hand,525,352,691,492
frame_1606.jpg,90,53,hand,285,666,375,719
frame_1606.jpg,234,180,hand,685,539,919,719
frame_1606.jpg,170,117,hand,748,388,918,505
frame_1606.jpg,164,131,hand,573,388,737,519
frame_1627.jpg,107,92,hand,283,626,390,718
frame_1627.jpg,300,170,hand,602,549,902,719
frame_1627.jpg,183,112,hand,726,373,909,485
frame_1627.jpg,157,135,hand,560,363,717,498
frame_1646.jpg,305,212,hand,671,507,976,719
frame_1646.jpg,176,98,hand,703,441,879,539
frame_1646.jpg,164,139,hand,528,439,692,578
frame_1667.jpg,57,31,hand,173,687,230,718
frame_1667.jpg,286,132,hand,709,587,995,719
frame_1667.jpg,189,152,hand,680,413,869,565
frame_1667.jpg,174,143,hand,500,437,674,580
frame_1680.jpg,65,33,hand,80,680,145,713
frame_1680.jpg,257,233,hand,797,485,1054,718
frame_1680.jpg,173,136,hand,671,427,844,563
frame_1680.jpg,173,141,hand,458,435,631,576
frame_1684.jpg,92,99,hand,115,617,207,716
frame_1684.jpg,296,170,hand,837,548,1133,718
frame_1684.jpg,180,148,hand,678,439,858,587
frame_1684.jpg,174,146,hand,463,457,637,603
frame_1765.jpg,246,174,hand,62,544,308,718
frame_1765.jpg,258,134,hand,639,585,897,719
frame_1765.jpg,161,124,hand,752,336,913,460
frame_1765.jpg,172,137,hand,545,354,717,491
frame_1833.jpg,118,90,hand,2,629,120,719
frame_1833.jpg,290,303,hand,845,410,1135,713
frame_1833.jpg,167,132,hand,486,410,653,542
frame_1835.jpg,117,109,hand,1,610,118,719
frame_1835.jpg,291,313,hand,837,406,1128,719
frame_1835.jpg,109,18,hand,714,414,823,432
frame_1835.jpg,157,122,hand,493,413,650,535
frame_1841.jpg,35,66,hand,48,647,83,713
frame_1841.jpg,251,221,hand,778,495,1029,716
frame_1841.jpg,153,78,hand,635,467,788,545
frame_1841.jpg,170,142,hand,439,470,609,612
frame_1886.jpg,161,209,hand,19,507,180,716
frame_1886.jpg,292,323,hand,887,396,1179,719
frame_1886.jpg,198,131,hand,646,361,844,492
frame_1886.jpg,157,127,hand,468,353,625,480
frame_1920.jpg,160,234,hand,40,485,200,719
frame_1920.jpg,314,349,hand,901,370,1215,719
frame_1920.jpg,242,146,hand,582,423,824,569
frame_1920.jpg,155,118,hand,468,349,623,467
frame_1924.jpg,173,235,hand,31,481,204,716
frame_1924.jpg,327,349,hand,904,370,1231,719
frame_1930.jpg,215,226,hand,1,492,216,718
frame_1930.jpg,322,330,hand,909,389,1231,719
frame_1930.jpg,195,142,hand,649,364,844,506
frame_1930.jpg,138,130,hand,511,364,649,494
frame_1947.jpg,269,153,hand,600,565,869,718
frame_1947.jpg,192,124,hand,611,445,803,569
frame_1947.jpg,156,132,hand,457,448,613,580
frame_1971.jpg,207,74,hand,662,645,869,719
frame_1971.jpg,172,147,hand,631,516,803,663
frame_1971.jpg,195,151,hand,255,512,450,663
frame_2009.jpg,296,139,hand,553,580,849,719
frame_2009.jpg,179,122,hand,663,416,842,538
frame_2009.jpg,175,129,hand,488,402,663,531
frame_2103.jpg,304,185,hand,42,533,346,718
frame_2103.jpg,288,249,hand,663,470,951,719
frame_2103.jpg,188,119,hand,631,356,819,475
frame_2103.jpg,170,135,hand,465,349,635,484
frame_2149.jpg,209,106,hand,138,610,347,716
frame_2149.jpg,280,249,hand,728,470,1008,719
frame_2149.jpg,173,110,hand,674,400,847,510
frame_2149.jpg,103,85,hand,324,439,427,524
frame_2162.jpg,287,116,hand,543,603,830,719
frame_2162.jpg,194,138,hand,664,425,858,563
frame_2162.jpg,157,173,hand,275,517,432,690
frame_2174.jpg,334,154,hand,586,565,920,719
frame_2174.jpg,193,132,hand,680,421,873,553
frame_2174.jpg,137,195,hand,294,463,431,658
frame_2279.jpg,262,153,hand,24,566,286,719
frame_2279.jpg,339,338,hand,765,381,1104,719
frame_2279.jpg,87,127,hand,492,407,579,534
frame_2320.jpg,306,206,hand,674,513,980,719
frame_2320.jpg,203,114,hand,655,430,858,544
frame_2320.jpg,153,138,hand,489,432,642,570
frame_2365.jpg,292,168,hand,2,551,294,719
frame_2365.jpg,242,79,hand,246,640,488,719
frame_2365.jpg,192,126,hand,716,462,908,588
frame_2365.jpg,152,121,hand,557,439,709,560
frame_2389.jpg,281,141,hand,42,577,323,718
frame_2389.jpg,245,202,hand,657,517,902,719
frame_2389.jpg,190,97,hand,680,431,870,528
frame_2389.jpg,159,136,hand,503,406,662,542
frame_2393.jpg,274,157,hand,51,562,325,719
frame_2393.jpg,227,126,hand,624,592,851,718
frame_2393.jpg,181,120,hand,671,439,852,559
frame_2393.jpg,154,129,hand,502,416,656,545
frame_2405.jpg,267,156,hand,127,563,394,719
frame_2405.jpg,156,85,hand,678,631,834,716
frame_2405.jpg,194,131,hand,701,446,895,577
frame_2405.jpg,154,126,hand,534,430,688,556
frame_2440.jpg,152,86,hand,323,633,475,719
frame_2440.jpg,382,156,hand,609,563,991,719
frame_2440.jpg,194,125,hand,694,370,888,495
frame_2440.jpg,162,221,hand,310,392,472,613
frame_2442.jpg,140,75,hand,332,644,472,719
frame_2442.jpg,374,191,hand,652,528,1026,719
frame_2442.jpg,184,125,hand,688,364,872,489
frame_2442.jpg,151,214,hand,319,391,470,605
frame_2443.jpg,134,68,hand,351,651,485,719
frame_2443.jpg,332,196,hand,694,523,1026,719
frame_2443.jpg,188,124,hand,682,367,870,491
frame_2443.jpg,154,217,hand,318,388,472,605
frame_2465.jpg,381,250,hand,712,469,1093,719
frame_2465.jpg,165,132,hand,702,321,867,453
frame_2465.jpg,156,117,hand,386,264,542,381
frame_2493.jpg,66,62,hand,251,656,317,718
frame_2493.jpg,464,205,hand,579,514,1043,719
frame_2493.jpg,167,132,hand,652,357,819,489
frame_2493.jpg,168,156,hand,328,375,496,531
frame_2507.jpg,314,173,hand,5,546,319,719
frame_2507.jpg,340,282,hand,681,434,1021,716
frame_2507.jpg,174,119,hand,659,329,833,448
frame_2507.jpg,191,135,hand,418,327,609,462
frame_2535.jpg,284,122,hand,250,597,534,719
frame_2535.jpg,413,213,hand,577,506,990,719
frame_2535.jpg,176,130,hand,682,334,858,464
frame_2535.jpg,206,195,hand,194,438,400,633
frame_2600.jpg,263,246,hand,99,470,362,716
frame_2600.jpg,234,271,hand,547,448,781,719
frame_2600.jpg,191,137,hand,795,414,986,551
frame_2600.jpg,154,126,hand,630,381,784,507
frame_2642.jpg,122,117,hand,264,599,386,716
frame_2642.jpg,318,146,hand,605,570,923,716
frame_2642.jpg,168,130,hand,706,403,874,533
frame_2642.jpg,167,190,hand,283,423,450,613
frame_2645.jpg,115,84,hand,285,634,400,718
frame_2645.jpg,345,148,hand,610,571,955,719
frame_2645.jpg,173,128,hand,682,396,855,524
frame_2645.jpg,170,208,hand,262,437,432,645
frame_2667.jpg,146,106,hand,285,613,431,719
frame_2667.jpg,351,198,hand,674,521,1025,719
frame_2667.jpg,173,127,hand,699,378,872,505
frame_2667.jpg,136,155,hand,311,403,447,558
frame_0003.jpg,106,112,hand,334,606,440,718
frame_0003.jpg,199,70,hand,656,648,855,718
frame_0003.jpg,191,114,hand,531,303,722,417
frame_0003.jpg,129,123,hand,368,254,497,377
frame_0018.jpg,89,68,hand,410,648,499,716
frame_0018.jpg,55,45,hand,599,669,654,714
frame_0018.jpg,167,95,hand,599,288,766,383
frame_0018.jpg,149,138,hand,395,258,544,396
frame_0090.jpg,208,104,hand,497,182,705,286
frame_0090.jpg,157,123,hand,325,159,482,282
frame_0096.jpg,153,117,hand,359,599,512,716
frame_0096.jpg,208,97,hand,571,621,779,718
frame_0096.jpg,212,114,hand,552,193,764,307
frame_0096.jpg,132,133,hand,395,163,527,296
frame_0183.jpg,119,53,hand,389,663,508,716
frame_0183.jpg,256,108,hand,622,610,878,718
frame_0183.jpg,212,106,hand,533,207,745,313
frame_0183.jpg,161,125,hand,351,161,512,286
frame_0185.jpg,149,66,hand,359,648,508,714
frame_0185.jpg,252,112,hand,643,606,895,718
frame_0185.jpg,207,116,hand,527,210,734,326
frame_0185.jpg,155,123,hand,359,167,514,290
frame_0245.jpg,102,25,hand,395,693,497,718
frame_0245.jpg,288,129,hand,535,589,823,718
frame_0245.jpg,225,104,hand,497,222,722,326
frame_0245.jpg,171,138,hand,315,184,486,322
frame_0246.jpg,84,44,hand,404,674,488,718
frame_0246.jpg,280,129,hand,537,589,817,718
frame_0246.jpg,220,106,hand,495,220,715,326
frame_0246.jpg,168,134,hand,304,184,472,318
frame_0285.jpg,93,34,hand,391,684,484,718
frame_0285.jpg,220,72,hand,516,646,736,718
frame_0285.jpg,209,100,hand,508,218,717,318
frame_0285.jpg,185,136,hand,289,252,474,388
frame_0321.jpg,43,13,hand,412,705,455,718
frame_0321.jpg,229,68,hand,559,650,788,718
frame_0321.jpg,191,111,hand,512,224,703,335
frame_0321.jpg,195,125,hand,306,201,501,326
frame_0322.jpg,64,19,hand,395,697,459,716
frame_0322.jpg,242,78,hand,571,638,813,716
frame_0322.jpg,229,100,hand,512,222,741,322
frame_0322.jpg,195,116,hand,304,212,499,328
frame_0412.jpg,55,17,hand,427,699,482,716
frame_0412.jpg,197,51,hand,563,665,760,716
frame_0412.jpg,208,123,hand,584,229,792,352
frame_0412.jpg,168,161,hand,486,371,654,532
frame_0414.jpg,62,13,hand,393,705,455,718
frame_0414.jpg,191,59,hand,516,659,707,718
frame_0414.jpg,212,108,hand,537,235,749,343
frame_0414.jpg,163,149,hand,461,381,624,530
frame_0474.jpg,79,49,hand,431,667,510,716
frame_0474.jpg,247,63,hand,519,655,766,718
frame_0474.jpg,203,117,hand,582,260,785,377
frame_0474.jpg,197,133,hand,406,229,603,362
frame_0509.jpg,279,104,hand,191,614,470,718
frame_0509.jpg,227,75,hand,550,643,777,718
frame_0509.jpg,193,101,hand,601,246,794,347
frame_0509.jpg,165,134,hand,419,222,584,356
frame_0517.jpg,292,121,hand,173,597,465,718
frame_0517.jpg,212,114,hand,546,604,758,718
frame_0517.jpg,167,91,hand,618,224,785,315
frame_0517.jpg,125,157,hand,383,216,508,373
frame_0564.jpg,224,55,hand,260,663,484,718
frame_0564.jpg,233,57,hand,525,659,758,716
frame_0564.jpg,197,102,hand,550,197,747,299
frame_0564.jpg,218,123,hand,605,311,823,434
frame_0604.jpg,231,95,hand,217,623,448,718
frame_0604.jpg,229,83,hand,495,635,724,718
frame_0604.jpg,204,116,hand,571,199,775,315
frame_0604.jpg,236,173,hand,700,416,936,589
frame_0637.jpg,258,68,hand,211,650,469,718
frame_0637.jpg,226,59,hand,498,659,724,718
frame_0637.jpg,161,182,hand,876,163,1037,345
frame_0637.jpg,199,140,hand,359,203,558,343
frame_0649.jpg,258,49,hand,207,669,465,718
frame_0649.jpg,182,38,hand,491,680,673,718
frame_0649.jpg,187,130,hand,679,258,866,388
frame_0649.jpg,169,137,hand,442,210,611,347
frame_0655.jpg,263,47,hand,217,669,480,716
frame_0655.jpg,182,38,hand,482,680,664,718
frame_0655.jpg,186,115,hand,652,275,838,390
frame_0655.jpg,167,142,hand,421,216,588,358
frame_0687.jpg,269,72,hand,219,646,488,718
frame_0687.jpg,201,40,hand,508,678,709,718
frame_0687.jpg,172,125,hand,677,252,849,377
frame_0687.jpg,161,110,hand,446,252,607,362
frame_0692.jpg,197,102,hand,238,616,435,718
frame_0692.jpg,208,61,hand,533,657,741,718
frame_0692.jpg,176,112,hand,688,246,864,358
frame_0692.jpg,170,152,hand,361,233,531,385
frame_0714.jpg,244,72,hand,253,646,497,718
frame_0714.jpg,212,61,hand,514,657,726,718
frame_0714.jpg,189,117,hand,666,241,855,358
frame_0714.jpg,159,115,hand,448,243,607,358
frame_0719.jpg,270,80,hand,238,638,508,718
frame_0719.jpg,223,59,hand,518,659,741,718
frame_0719.jpg,191,115,hand,677,237,868,352
frame_0719.jpg,174,123,hand,440,237,614,360
frame_0726.jpg,277,91,hand,245,627,522,718
frame_0726.jpg,222,72,hand,533,646,755,718
frame_0726.jpg,184,99,hand,709,233,893,332
frame_0726.jpg,147,155,hand,361,218,508,373
frame_0758.jpg,301,229,hand,90,487,391,716
frame_0758.jpg,243,74,hand,491,644,734,718
frame_0758.jpg,212,117,hand,743,169,955,286
frame_0758.jpg,157,138,hand,484,163,641,301
frame_0776.jpg,195,166,hand,834,186,1029,352
frame_0776.jpg,178,174,hand,488,409,666,583
frame_0780.jpg,95,26,hand,199,692,294,718
frame_0780.jpg,197,154,hand,815,193,1012,347
frame_0780.jpg,176,173,hand,499,354,675,527
frame_0858.jpg,74,39,hand,216,679,290,718
frame_0858.jpg,210,102,hand,573,303,783,405
frame_0858.jpg,204,131,hand,327,290,531,421
frame_0862.jpg,236,109,hand,594,279,830,388
frame_0862.jpg,166,150,hand,289,235,455,385
frame_0870.jpg,278,61,hand,115,657,393,718
frame_0870.jpg,201,152,hand,656,566,857,718
frame_0870.jpg,216,128,hand,561,277,777,405
frame_0870.jpg,178,151,hand,380,169,558,320
frame_0877.jpg,263,45,hand,144,673,407,718
frame_0877.jpg,228,218,hand,686,494,914,712
frame_0877.jpg,218,115,hand,525,294,743,409
frame_0877.jpg,170,138,hand,410,188,580,326
frame_0921.jpg,116,42,hand,211,676,327,718
frame_0921.jpg,91,42,hand,609,676,700,718
frame_0921.jpg,216,112,hand,573,254,789,366
frame_0921.jpg,157,148,hand,361,201,518,349
frame_0930.jpg,80,30,hand,226,688,306,718
frame_0930.jpg,42,21,hand,620,695,662,716
frame_0930.jpg,206,98,hand,569,290,775,388
frame_0930.jpg,159,148,hand,363,199,522,347
frame_0945.jpg,103,30,hand,241,688,344,718
frame_0945.jpg,44,19,hand,690,697,734,716
frame_0945.jpg,198,104,hand,594,284,792,388
frame_0945.jpg,145,144,hand,380,224,525,368
frame_1044.jpg,337,207,hand,112,511,449,718
frame_1044.jpg,299,167,hand,469,551,768,718
frame_1044.jpg,193,117,hand,522,129,715,246
frame_1044.jpg,210,174,hand,414,286,624,460
frame_1100.jpg,242,170,hand,356,548,598,718
frame_1100.jpg,188,108,hand,457,311,645,419
frame_1100.jpg,172,163,hand,232,229,404,392
frame_1123.jpg,210,104,hand,522,311,732,415
frame_1123.jpg,193,203,hand,408,441,601,644
frame_1143.jpg,240,87,hand,111,631,351,718
frame_1143.jpg,183,101,hand,539,335,722,436
frame_1143.jpg,205,125,hand,298,324,503,449
frame_1145.jpg,227,131,hand,149,587,376,718
frame_1145.jpg,171,106,hand,546,326,717,432
frame_1145.jpg,204,115,hand,310,328,514,443
frame_1149.jpg,250,149,hand,287,561,537,710
frame_1149.jpg,182,110,hand,531,347,713,457
frame_1149.jpg,204,104,hand,304,345,508,449
frame_1188.jpg,191,25,hand,376,693,567,718
frame_1188.jpg,173,116,hand,616,305,789,421
frame_1188.jpg,224,151,hand,315,226,539,377
frame_1215.jpg,181,95,hand,558,246,739,341
frame_1215.jpg,299,151,hand,387,254,686,405
frame_1235.jpg,360,237,hand,10,481,370,718
frame_1235.jpg,308,275,hand,378,441,686,716
frame_1235.jpg,200,108,hand,497,28,697,136
frame_1235.jpg,256,170,hand,601,182,857,352
frame_1238.jpg,329,282,hand,1,426,330,708
frame_1238.jpg,382,318,hand,361,398,743,716
frame_1238.jpg,216,89,hand,484,0,700,89
frame_1238.jpg,236,168,hand,611,150,847,318
frame_1244.jpg,252,335,hand,1,379,253,714
frame_1244.jpg,422,303,hand,361,415,783,718
frame_1244.jpg,169,44,hand,527,4,696,48
frame_1244.jpg,206,168,hand,607,80,813,248
frame_1248.jpg,261,346,hand,1,366,262,712
frame_1248.jpg,487,330,hand,368,388,855,718
frame_1248.jpg,153,27,hand,516,2,669,29
frame_1248.jpg,187,178,hand,611,55,798,233
frame_1272.jpg,163,165,hand,1,513,164,678
frame_1272.jpg,390,208,hand,478,510,868,718
frame_1272.jpg,231,34,hand,452,4,683,38
frame_1272.jpg,235,136,hand,438,40,673,176
frame_1278.jpg,89,30,hand,77,684,166,714
frame_1278.jpg,176,36,hand,522,680,698,716
frame_1278.jpg,152,117,hand,548,89,700,206
frame_1278.jpg,227,165,hand,251,76,478,241
frame_1398.jpg,135,57,hand,154,661,289,718
frame_1398.jpg,161,83,hand,575,635,736,718
frame_1398.jpg,171,104,hand,525,231,696,335
frame_1398.jpg,156,133,hand,349,233,505,366
frame_1423.jpg,173,44,hand,154,674,327,718
frame_1423.jpg,138,53,hand,594,665,732,718
frame_1423.jpg,182,108,hand,601,239,783,347
frame_1423.jpg,180,121,hand,376,216,556,337
frame_1433.jpg,314,121,hand,300,597,614,718
frame_1433.jpg,184,131,hand,478,161,662,292
frame_1433.jpg,163,131,hand,228,163,391,294
frame_1434.jpg,335,142,hand,287,576,622,718
frame_1434.jpg,188,121,hand,455,148,643,269
frame_1434.jpg,169,134,hand,211,148,380,282
frame_1459.jpg,309,229,hand,410,489,719,718
frame_1459.jpg,188,127,hand,474,148,662,275
frame_1459.jpg,167,149,hand,283,137,450,286
frame_1475.jpg,369,322,hand,185,282,554,604
frame_1475.jpg,299,316,hand,558,269,857,585
frame_1475.jpg,191,59,hand,662,0,853,59
frame_1475.jpg,102,23,hand,406,4,508,27
frame_1555.jpg,271,116,hand,175,602,446,718
frame_1555.jpg,275,87,hand,563,631,838,718
frame_1555.jpg,222,117,hand,616,205,838,322
frame_1555.jpg,184,188,hand,330,85,514,273
frame_1572.jpg,301,108,hand,196,610,497,718
frame_1572.jpg,256,83,hand,552,635,808,718
frame_1572.jpg,218,112,hand,590,210,808,322
frame_1572.jpg,205,125,hand,421,161,626,286
frame_1625.jpg,142,57,hand,183,661,325,718
frame_1625.jpg,131,57,hand,620,661,751,718
frame_1625.jpg,170,104,hand,594,258,764,362
frame_1625.jpg,203,133,hand,385,235,588,368
frame_1639.jpg,138,55,hand,181,659,319,714
frame_1639.jpg,136,63,hand,611,655,747,718
frame_1639.jpg,219,97,hand,573,248,792,345
frame_1639.jpg,200,153,hand,344,152,544,305
frame_1649.jpg,142,63,hand,181,655,323,718
frame_1649.jpg,123,61,hand,616,657,739,718
frame_1649.jpg,204,112,hand,571,235,775,347
frame_1649.jpg,193,133,hand,342,216,535,349
frame_1656.jpg,146,57,hand,177,661,323,718
frame_1656.jpg,150,70,hand,603,648,753,718
frame_1656.jpg,184,110,hand,605,233,789,343
frame_1656.jpg,173,151,hand,294,135,467,286
frame_1716.jpg,297,248,hand,202,468,499,716
frame_1716.jpg,208,137,hand,482,320,690,457
frame_1716.jpg,165,212,hand,234,193,399,405
frame_1721.jpg,311,212,hand,228,487,539,699
frame_1721.jpg,218,130,hand,461,332,679,462
frame_1721.jpg,174,157,hand,236,279,410,436
frame_1724.jpg,301,199,hand,264,519,565,718
frame_1724.jpg,224,121,hand,455,326,679,447
frame_1724.jpg,199,144,hand,262,282,461,426
frame_1739.jpg,216,121,hand,192,597,408,718
frame_1739.jpg,195,132,hand,537,309,732,441
frame_1739.jpg,167,114,hand,332,286,499,400
frame_1742.jpg,154,46,hand,241,672,395,718
frame_1742.jpg,135,59,hand,616,659,751,718
frame_1742.jpg,184,119,hand,582,269,766,388
frame_1742.jpg,156,106,hand,349,250,505,356
frame_1748.jpg,301,176,hand,192,542,493,718
frame_1748.jpg,272,176,hand,539,542,811,718
frame_1748.jpg,154,121,hand,703,135,857,256
frame_1748.jpg,191,112,hand,310,163,501,275
frame_1767.jpg,231,312,hand,1,402,232,714
frame_1767.jpg,365,163,hand,373,555,738,718
frame_1767.jpg,193,131,hand,592,70,785,201
frame_1767.jpg,195,137,hand,296,70,491,207
frame_1787.jpg,303,142,hand,92,576,395,718
frame_1787.jpg,313,131,hand,457,587,770,718
frame_1787.jpg,225,108,hand,520,184,745,292
frame_1787.jpg,178,180,hand,243,61,421,241
frame_1803.jpg,308,114,hand,111,604,419,718
frame_1803.jpg,282,131,hand,476,587,758,718
frame_1803.jpg,197,131,hand,601,163,798,294
frame_1803.jpg,191,170,hand,166,112,357,282
frame_1813.jpg,281,84,hand,121,634,402,718
frame_1813.jpg,272,110,hand,467,608,739,718
frame_1813.jpg,180,148,hand,688,125,868,273
frame_1813.jpg,168,169,hand,152,128,320,297
frame_1823.jpg,166,64,hand,128,652,294,716
frame_1823.jpg,210,91,hand,534,627,744,718
frame_1823.jpg,176,157,hand,690,133,866,290
frame_1823.jpg,180,174,hand,152,144,332,318
frame_1825.jpg,188,72,hand,118,646,306,718
frame_1825.jpg,206,83,hand,533,635,739,718
frame_1825.jpg,159,155,hand,713,133,872,288
frame_1825.jpg,182,184,hand,152,140,334,324
frame_1833.jpg,161,70,hand,143,648,304,718
frame_1833.jpg,199,95,hand,546,623,745,718
frame_1833.jpg,174,172,hand,715,116,889,288
frame_1833.jpg,165,174,hand,190,146,355,320
frame_1845.jpg,191,72,hand,113,646,304,718
frame_1845.jpg,205,91,hand,544,627,749,718
frame_1845.jpg,153,172,hand,677,146,830,318
frame_1845.jpg,165,191,hand,162,199,327,390
frame_1876.jpg,42,25,hand,588,691,630,716
frame_1876.jpg,165,189,hand,654,148,819,337
frame_1876.jpg,144,212,hand,128,207,272,419
frame_1889.jpg,286,286,hand,71,432,357,718
frame_1889.jpg,150,178,hand,675,174,825,352
frame_1889.jpg,142,206,hand,147,220,289,426
frame_1915.jpg,270,233,hand,274,485,544,718
frame_1915.jpg,156,178,hand,652,180,808,358
frame_1915.jpg,146,216,hand,111,212,257,428
frame_1939.jpg,210,117,hand,582,313,792,430
frame_1939.jpg,184,167,hand,245,282,429,449
frame_1948.jpg,203,123,hand,567,328,770,451
frame_1948.jpg,180,138,hand,355,292,535,430
frame_1993.jpg,269,131,hand,179,587,448,718
frame_1993.jpg,284,102,hand,499,616,783,718
frame_1993.jpg,176,116,hand,618,161,794,277
frame_1993.jpg,184,150,hand,368,125,552,275
frame_2066.jpg,297,318,hand,639,400,936,718
frame_2066.jpg,172,108,hand,624,267,796,375
frame_2066.jpg,180,163,hand,402,235,582,398
frame_2079.jpg,188,131,hand,669,237,857,368
frame_2079.jpg,200,116,hand,272,246,472,362
frame_2102.jpg,131,51,hand,266,667,397,718
frame_2102.jpg,225,49,hand,567,669,792,718
frame_2102.jpg,208,127,hand,677,205,885,332
frame_2102.jpg,187,142,hand,289,256,476,398
frame_2107.jpg,108,34,hand,296,684,404,718
frame_2107.jpg,284,89,hand,565,629,849,718
frame_2107.jpg,178,123,hand,686,216,864,339
frame_2107.jpg,187,136,hand,272,239,459,375
frame_2118.jpg,79,27,hand,308,691,387,718
frame_2118.jpg,343,182,hand,529,536,872,718
frame_2118.jpg,170,127,hand,643,220,813,347
frame_2118.jpg,167,144,hand,241,222,408,366
frame_2213.jpg,296,129,hand,226,589,522,718
frame_2213.jpg,284,135,hand,575,583,859,718
frame_2213.jpg,195,121,hand,624,201,819,322
frame_2213.jpg,218,140,hand,393,163,611,303
frame_2248.jpg,273,265,hand,618,436,891,701
frame_2248.jpg,159,114,hand,808,254,967,368
frame_2248.jpg,190,149,hand,243,241,433,390
frame_2273.jpg,163,131,hand,715,210,878,341
frame_2273.jpg,193,182,hand,202,161,395,343
frame_2279.jpg,406,205,hand,99,513,505,718
frame_2279.jpg,327,220,hand,554,498,881,718
frame_2279.jpg,185,142,hand,683,23,868,165
frame_2279.jpg,178,164,hand,287,10,465,174
frame_2348.jpg,373,188,hand,139,530,512,718
frame_2348.jpg,303,197,hand,565,521,868,718
frame_2348.jpg,186,153,hand,817,8,1003,161
frame_2348.jpg,275,186,hand,671,199,946,385
frame_2363.jpg,362,176,hand,135,542,497,718
frame_2363.jpg,292,193,hand,565,525,857,718
frame_2363.jpg,203,157,hand,794,23,997,180
frame_2363.jpg,275,165,hand,633,184,908,349
frame_2473.jpg,267,114,hand,179,604,446,718
frame_2473.jpg,292,112,hand,491,606,783,718
frame_2473.jpg,193,112,hand,552,229,745,341
frame_2473.jpg,181,171,hand,327,125,508,296
frame_2477.jpg,180,64,hand,175,650,355,714
frame_2477.jpg,221,87,hand,537,631,758,718
frame_2477.jpg,189,121,hand,558,258,747,379
frame_2477.jpg,186,182,hand,315,150,501,332
frame_2537.jpg,261,85,hand,179,633,440,718
frame_2537.jpg,197,63,hand,614,655,811,718
frame_2537.jpg,174,133,hand,588,246,762,379
frame_2537.jpg,184,148,hand,353,201,537,349
frame_2547.jpg,159,44,hand,179,674,338,718
frame_2547.jpg,138,23,hand,577,695,715,718
frame_2547.jpg,153,131,hand,666,214,819,345
frame_2547.jpg,180,167,hand,281,174,461,341
frame_2551.jpg,173,46,hand,188,672,361,718
frame_2551.jpg,148,19,hand,584,699,732,718
frame_2551.jpg,161,127,hand,785,197,946,324
frame_2551.jpg,165,161,hand,230,167,395,328
frame_2585.jpg,157,44,hand,200,674,357,718
frame_2585.jpg,129,25,hand,605,693,734,718
frame_2585.jpg,174,150,hand,766,176,940,326
frame_2585.jpg,239,178,hand,650,326,889,504
frame_2615.jpg,400,326,hand,120,343,520,669
frame_2615.jpg,345,354,hand,582,303,927,657
frame_2615.jpg,214,68,hand,419,2,633,70
frame_0001.jpg,371,172,hand,1,547,372,719
frame_0001.jpg,366,163,hand,463,556,829,719
frame_0001.jpg,238,156,hand,604,294,842,450
frame_0001.jpg,216,202,hand,416,353,632,555
frame_0045.jpg,94,71,hand,1,646,95,717
frame_0045.jpg,261,169,hand,723,265,984,434
frame_0045.jpg,278,179,hand,480,224,758,403
frame_0068.jpg,524,476,hand,460,177,984,653
frame_0068.jpg,58,170,hand,430,274,488,444
frame_0083.jpg,292,122,hand,1,597,293,719
frame_0083.jpg,531,367,hand,392,327,923,694
frame_0083.jpg,258,123,hand,774,335,1032,458
frame_0083.jpg,183,97,hand,623,297,806,394
frame_0086.jpg,382,147,hand,2,572,384,719
frame_0086.jpg,527,374,hand,463,308,990,682
frame_0086.jpg,227,154,hand,823,305,1050,459
frame_0086.jpg,139,20,hand,635,294,774,314
frame_0115.jpg,264,238,hand,1,481,265,719
frame_0115.jpg,219,198,hand,579,336,798,534
frame_0115.jpg,179,132,hand,788,336,967,468
frame_0115.jpg,153,160,hand,556,271,709,431
frame_0133.jpg,393,211,hand,2,508,395,719
frame_0133.jpg,487,270,hand,594,449,1081,719
frame_0133.jpg,278,157,hand,768,242,1046,399
frame_0133.jpg,186,147,hand,588,223,774,370
frame_0140.jpg,388,191,hand,4,526,392,717
frame_0140.jpg,416,232,hand,645,487,1061,719
frame_0140.jpg,269,143,hand,777,233,1046,376
frame_0140.jpg,187,153,hand,595,194,782,347
frame_0146.jpg,397,195,hand,4,522,401,717
frame_0146.jpg,425,222,hand,639,497,1064,719
frame_0146.jpg,255,121,hand,782,259,1037,380
frame_0146.jpg,179,149,hand,592,192,771,341
frame_0171.jpg,397,176,hand,1,543,398,719
frame_0171.jpg,356,204,hand,588,515,944,719
frame_0171.jpg,261,136,hand,750,255,1011,391
frame_0171.jpg,160,151,hand,591,217,751,368
frame_0221.jpg,245,129,hand,657,311,902,440
frame_0221.jpg,231,188,hand,507,133,738,321
frame_0225.jpg,252,123,hand,659,323,911,446
frame_0225.jpg,238,187,hand,451,109,689,296
frame_0285.jpg,133,88,hand,4,631,137,719
frame_0285.jpg,236,91,hand,538,628,774,719
frame_0285.jpg,244,139,hand,688,314,932,453
frame_0285.jpg,207,186,hand,481,296,688,482
frame_0326.jpg,220,136,hand,718,417,938,553
frame_0326.jpg,210,167,hand,457,367,667,534
frame_0332.jpg,217,138,hand,704,420,921,558
frame_0332.jpg,200,195,hand,454,367,654,562
frame_0334.jpg,220,135,hand,692,412,912,547
frame_0334.jpg,208,185,hand,439,367,647,552
frame_0361.jpg,126,37,hand,98,682,224,719
frame_0361.jpg,250,76,hand,582,643,832,719
frame_0361.jpg,223,128,hand,770,431,993,559
frame_0361.jpg,195,159,hand,547,356,742,515
frame_0383.jpg,179,196,hand,1,523,180,719
frame_0383.jpg,213,190,hand,516,441,729,631
frame_0383.jpg,250,136,hand,653,364,903,500
frame_0383.jpg,159,123,hand,480,329,639,452
frame_0395.jpg,386,196,hand,1,523,387,719
frame_0395.jpg,238,165,hand,589,552,827,717
frame_0395.jpg,266,117,hand,689,358,955,475
frame_0395.jpg,162,135,hand,527,300,689,435
frame_0449.jpg,223,142,hand,668,396,891,538
frame_0449.jpg,211,225,hand,454,321,665,546
frame_0478.jpg,246,155,hand,712,309,958,464
frame_0478.jpg,194,158,hand,492,291,686,449
frame_0479.jpg,255,151,hand,695,283,950,434
frame_0479.jpg,185,175,hand,500,259,685,434
frame_0510.jpg,418,167,hand,1,552,419,719
frame_0510.jpg,329,147,hand,665,572,994,719
frame_0510.jpg,258,153,hand,762,212,1020,365
frame_0510.jpg,177,156,hand,585,194,762,350
frame_0519.jpg,164,120,hand,2,599,166,719
frame_0519.jpg,301,144,hand,642,575,943,719
frame_0519.jpg,250,144,hand,735,236,985,380
frame_0519.jpg,183,176,hand,553,209,736,385
frame_0554.jpg,117,61,hand,10,658,127,719
frame_0554.jpg,318,212,hand,603,502,921,714
frame_0554.jpg,205,111,hand,580,424,785,535
frame_0554.jpg,180,138,hand,400,396,580,534
frame_0556.jpg,112,38,hand,1,681,113,719
frame_0556.jpg,279,193,hand,585,509,864,702
frame_0556.jpg,235,107,hand,548,462,783,569
frame_0556.jpg,176,142,hand,378,414,554,556
frame_0562.jpg,94,31,hand,11,688,105,719
frame_0562.jpg,408,133,hand,519,584,927,717
frame_0562.jpg,210,122,hand,557,465,767,587
frame_0562.jpg,176,135,hand,360,418,536,553
frame_0565.jpg,113,87,hand,5,632,118,719
frame_0565.jpg,373,110,hand,506,609,879,719
frame_0565.jpg,222,121,hand,563,437,785,558
frame_0565.jpg,170,140,hand,340,371,510,511
frame_0615.jpg,173,87,hand,19,632,192,719
frame_0615.jpg,529,301,hand,583,418,1112,719
frame_0615.jpg,225,74,hand,671,353,896,427
frame_0615.jpg,158,135,hand,477,305,635,440
frame_0666.jpg,320,188,hand,707,300,1027,488
frame_0666.jpg,242,175,hand,516,321,758,496
frame_0729.jpg,109,87,hand,1,632,110,719
frame_0729.jpg,300,157,hand,574,562,874,719
frame_0729.jpg,234,159,hand,645,238,879,397
frame_0729.jpg,161,158,hand,448,235,609,393
frame_0761.jpg,132,72,hand,1,569,133,641
frame_0761.jpg,366,257,hand,595,380,961,637
frame_0761.jpg,237,118,hand,530,255,767,373
frame_0761.jpg,171,162,hand,356,202,527,364
frame_0797.jpg,452,175,hand,5,544,457,719
frame_0797.jpg,408,211,hand,648,508,1056,719
frame_0797.jpg,201,140,hand,805,318,1006,458
frame_0797.jpg,167,158,hand,621,239,788,397
frame_0813.jpg,218,122,hand,1,597,219,719
frame_0813.jpg,253,129,hand,627,584,880,713
frame_0813.jpg,200,134,hand,723,242,923,376
frame_0813.jpg,174,138,hand,527,188,701,326
frame_0893.jpg,135,34,hand,626,685,761,719
frame_0893.jpg,223,141,hand,762,330,985,471
frame_0893.jpg,185,162,hand,542,306,727,468
frame_0898.jpg,220,140,hand,745,344,965,484
frame_0898.jpg,200,163,hand,506,312,706,475
frame_0939.jpg,56,14,hand,72,705,128,719
frame_0939.jpg,552,240,hand,516,479,1068,719
frame_0939.jpg,231,141,hand,721,323,952,464
frame_0939.jpg,177,158,hand,524,294,701,452
frame_0978.jpg,234,160,hand,5,559,239,719
frame_0978.jpg,356,387,hand,594,291,950,678
frame_1076.jpg,259,96,hand,7,623,266,719
frame_1076.jpg,453,213,hand,444,506,897,719
frame_1076.jpg,237,130,hand,665,235,902,365
frame_1076.jpg,167,186,hand,518,211,685,397
frame_1125.jpg,279,138,hand,647,268,926,406
frame_1125.jpg,250,224,hand,313,232,563,456
frame_1201.jpg,276,100,hand,1,619,277,719
frame_1201.jpg,260,137,hand,516,582,776,719
frame_1201.jpg,211,124,hand,701,294,912,418
frame_1201.jpg,204,150,hand,513,265,717,415
frame_1204.jpg,252,85,hand,498,634,750,719
frame_1204.jpg,223,137,hand,689,280,912,417
frame_1204.jpg,155,164,hand,510,259,665,423
frame_1261.jpg,248,134,hand,711,303,959,437
frame_1261.jpg,185,146,hand,516,309,701,455
frame_1294.jpg,295,169,hand,720,302,1015,471
frame_1294.jpg,249,186,hand,498,279,747,465
frame_1307.jpg,271,110,hand,1,609,272,719
frame_1307.jpg,360,178,hand,642,541,1002,719
frame_1307.jpg,255,146,hand,812,197,1067,343
frame_1307.jpg,229,170,hand,594,185,823,355
frame_1321.jpg,428,146,hand,2,573,430,719
frame_1321.jpg,426,172,hand,595,547,1021,719
frame_1321.jpg,221,129,hand,779,273,1000,402
frame_1321.jpg,223,159,hand,585,235,808,394
frame_1323.jpg,206,158,hand,1,561,207,719
frame_1323.jpg,439,190,hand,595,529,1034,719
frame_1323.jpg,226,136,hand,785,258,1011,394
frame_1323.jpg,219,164,hand,592,223,811,387
frame_1344.jpg,185,184,hand,2,535,187,719
frame_1344.jpg,574,394,hand,425,217,999,611
frame_1344.jpg,243,138,hand,800,224,1043,362
frame_1344.jpg,155,48,hand,601,188,756,236
frame_1347.jpg,200,190,hand,2,529,202,719
frame_1347.jpg,525,387,hand,421,194,946,581
frame_1347.jpg,238,137,hand,803,221,1041,358
frame_1347.jpg,163,45,hand,592,179,755,224
frame_1386.jpg,347,157,hand,1,562,348,719
frame_1386.jpg,389,216,hand,510,503,899,719
frame_1386.jpg,223,146,hand,736,230,959,376
frame_1386.jpg,191,164,hand,374,174,565,338
frame_1424.jpg,253,161,hand,753,285,1006,446
frame_1424.jpg,213,163,hand,472,299,685,462
frame_1446.jpg,358,82,hand,4,637,362,719
frame_1446.jpg,277,122,hand,638,597,915,719
frame_1446.jpg,224,153,hand,767,282,991,435
frame_1446.jpg,242,191,hand,482,250,724,441
frame_1454.jpg,103,91,hand,1,626,104,717
frame_1454.jpg,309,207,hand,612,512,921,719
frame_1454.jpg,214,130,hand,751,273,965,403
frame_1454.jpg,246,171,hand,466,261,712,432
frame_1491.jpg,26,76,hand,1,576,27,652
frame_1491.jpg,335,44,hand,533,675,868,719
frame_1491.jpg,219,144,hand,583,296,802,440
frame_1491.jpg,215,153,hand,359,271,574,424
frame_1509.jpg,80,73,hand,1,570,81,643
frame_1509.jpg,308,114,hand,588,605,896,719
frame_1509.jpg,223,125,hand,525,356,748,481
frame_1509.jpg,223,169,hand,328,255,551,424
frame_1525.jpg,482,270,hand,530,449,1012,719
frame_1525.jpg,113,108,hand,689,415,802,523
frame_1525.jpg,203,145,hand,392,358,595,503
frame_1549.jpg,156,91,hand,4,623,160,714
frame_1549.jpg,364,201,hand,518,518,882,719
frame_1549.jpg,212,128,hand,747,347,959,475
frame_1549.jpg,143,188,hand,486,239,629,427
frame_1551.jpg,135,92,hand,2,627,137,719
frame_1551.jpg,292,184,hand,577,535,869,719
frame_1551.jpg,209,138,hand,739,349,948,487
frame_1551.jpg,144,180,hand,469,238,613,418
frame_1566.jpg,26,13,hand,36,706,62,719
frame_1566.jpg,481,217,hand,463,502,944,719
frame_1566.jpg,235,143,hand,695,328,930,471
frame_1566.jpg,179,195,hand,420,261,599,456
frame_1569.jpg,478,223,hand,452,494,930,717
frame_1569.jpg,217,134,hand,690,328,907,462
frame_1569.jpg,180,200,hand,407,256,587,456
frame_1582.jpg,492,175,hand,410,542,902,717
frame_1582.jpg,207,141,hand,678,357,885,498
frame_1582.jpg,167,161,hand,398,316,565,477
frame_1653.jpg,345,184,hand,2,535,347,719
frame_1653.jpg,218,74,hand,596,641,814,715
frame_1653.jpg,206,134,hand,724,377,930,511
frame_1653.jpg,294,270,hand,529,394,823,664
frame_1659.jpg,73,41,hand,1,676,74,717
frame_1659.jpg,122,35,hand,361,680,483,715
frame_1659.jpg,227,150,hand,584,305,811,455
frame_1659.jpg,324,274,hand,343,380,667,654
frame_1676.jpg,216,154,hand,526,325,742,479
frame_1676.jpg,316,255,hand,225,424,541,679
frame_1690.jpg,212,140,hand,535,334,747,474
frame_1690.jpg,301,212,hand,214,374,515,586
frame_1700.jpg,206,141,hand,562,340,768,481
frame_1700.jpg,197,185,hand,225,239,422,424
frame_1715.jpg,186,151,hand,730,403,916,554
frame_1715.jpg,200,196,hand,521,381,721,577
frame_1728.jpg,323,75,hand,1,644,324,719
frame_1728.jpg,228,75,hand,606,642,834,717
frame_1728.jpg,217,126,hand,727,384,944,510
frame_1728.jpg,168,141,hand,548,340,716,481
frame_1750.jpg,90,29,hand,297,686,387,715
frame_1750.jpg,90,29,hand,297,686,387,715
frame_1750.jpg,231,141,hand,574,268,805,409
frame_1750.jpg,192,158,hand,370,272,562,430
frame_1784.jpg,235,143,hand,606,360,841,503
frame_1784.jpg,247,198,hand,320,307,567,505
frame_1789.jpg,262,151,hand,593,319,855,470
frame_1789.jpg,283,172,hand,352,368,635,540
frame_1799.jpg,263,160,hand,710,235,973,395
frame_1799.jpg,245,157,hand,506,279,751,436
frame_1876.jpg,74,80,hand,11,632,85,712
frame_1876.jpg,394,199,hand,626,520,1020,719
frame_1876.jpg,252,128,hand,545,336,797,464
frame_1876.jpg,215,159,hand,373,288,588,447
frame_1967.jpg,219,152,hand,1,567,220,719
frame_1967.jpg,282,224,hand,529,473,811,697
frame_1967.jpg,182,125,hand,730,438,912,563
frame_1967.jpg,180,149,hand,501,371,681,520
frame_1970.jpg,210,173,hand,1,546,211,719
frame_1970.jpg,307,237,hand,519,459,826,696
frame_1970.jpg,157,106,hand,747,432,904,538
frame_1970.jpg,182,133,hand,489,346,671,479
frame_1992.jpg,56,101,hand,4,616,60,717
frame_1992.jpg,281,110,hand,454,609,735,719
frame_1992.jpg,222,136,hand,687,369,909,505
frame_1992.jpg,170,132,hand,452,304,622,436
frame_1994.jpg,64,51,hand,4,668,68,719
frame_1994.jpg,268,74,hand,500,645,768,719
frame_1994.jpg,212,134,hand,725,380,937,514
frame_1994.jpg,142,137,hand,478,308,620,445
frame_2076.jpg,275,106,hand,414,613,689,719
frame_2076.jpg,223,139,hand,631,331,854,470
frame_2076.jpg,182,171,hand,394,299,576,470
frame_2121.jpg,96,31,hand,423,688,519,719
frame_2121.jpg,223,136,hand,623,352,846,488
frame_2121.jpg,206,163,hand,361,279,567,442
frame_2163.jpg,290,188,hand,681,262,971,450
frame_2163.jpg,244,195,hand,391,272,635,467
frame_2273.jpg,233,163,hand,715,252,948,415
frame_2273.jpg,280,155,hand,423,307,703,462
frame_2281.jpg,123,69,hand,7,650,130,719
frame_2281.jpg,101,28,hand,667,691,768,719
frame_2281.jpg,249,150,hand,850,264,1099,414
frame_2281.jpg,276,164,hand,571,268,847,432
frame_2303.jpg,161,96,hand,60,623,221,719
frame_2303.jpg,538,355,hand,318,300,856,655
frame_2303.jpg,218,130,hand,858,349,1076,479
frame_2306.jpg,88,38,hand,136,678,224,716
frame_2306.jpg,556,294,hand,262,268,818,562
frame_2306.jpg,75,62,hand,1012,391,1087,453
frame_2319.jpg,276,270,hand,551,376,827,646
frame_2319.jpg,194,150,hand,818,437,1012,587
frame_2323.jpg,330,197,hand,515,520,845,717
frame_2323.jpg,201,147,hand,779,417,980,564
frame_2323.jpg,235,144,hand,513,411,748,555
frame_2329.jpg,211,150,hand,700,359,911,509
frame_2329.jpg,197,162,hand,439,361,636,523
frame_2336.jpg,228,143,hand,651,368,879,511
frame_2336.jpg,202,172,hand,389,380,591,552
frame_2359.jpg,235,147,hand,636,341,871,488
frame_2359.jpg,232,172,hand,427,299,659,471
frame_2405.jpg,246,159,hand,733,347,979,506
frame_2405.jpg,220,176,hand,512,353,732,529
frame_2425.jpg,220,145,hand,770,286,990,431
frame_2425.jpg,214,169,hand,548,289,762,458
frame_2432.jpg,259,173,hand,718,309,977,482
frame_2432.jpg,259,194,hand,462,343,721,537
frame_2506.jpg,185,206,hand,7,508,192,714
frame_2506.jpg,260,194,hand,472,405,732,599
frame_2506.jpg,176,141,hand,738,387,914,528
frame_2506.jpg,212,118,hand,530,376,742,494
frame_2514.jpg,297,275,hand,1,444,298,719
frame_2514.jpg,379,337,hand,609,380,988,717
frame_2514.jpg,149,141,hand,833,376,982,517
frame_2514.jpg,170,138,hand,568,340,738,478
frame_2522.jpg,71,152,hand,1,565,72,717
frame_2522.jpg,293,176,hand,519,537,812,713
frame_2522.jpg,197,138,hand,700,288,897,426
frame_2522.jpg,198,146,hand,500,283,698,429
frame_2535.jpg,177,79,hand,1,640,178,719
frame_2535.jpg,375,196,hand,433,522,808,718
frame_2535.jpg,210,149,hand,679,247,889,396
frame_2535.jpg,197,155,hand,474,250,671,405
frame_2559.jpg,220,153,hand,641,355,861,508
frame_2559.jpg,234,238,hand,160,431,394,669
frame_2652.jpg,225,87,hand,448,632,673,719
frame_2652.jpg,212,150,hand,677,277,889,427
frame_2652.jpg,172,177,hand,475,258,647,435
frame_2657.jpg,132,43,hand,475,676,607,719
frame_2657.jpg,230,138,hand,682,309,912,447
frame_2657.jpg,150,187,hand,454,262,604,449
frame_2672.jpg,238,155,hand,682,306,920,461
frame_2672.jpg,196,175,hand,521,256,717,431
frame_0014.jpg,53,39,hand,753,679,806,718
frame_0014.jpg,116,99,hand,691,229,807,328
frame_0014.jpg,102,96,hand,585,229,687,325
frame_0084.jpg,63,43,hand,740,675,803,718
frame_0084.jpg,167,169,hand,649,365,816,534
frame_0084.jpg,104,87,hand,535,231,639,318
frame_0085.jpg,60,43,hand,742,675,802,718
frame_0085.jpg,172,128,hand,647,359,819,487
frame_0085.jpg,95,87,hand,535,233,630,320
frame_0121.jpg,152,152,hand,714,562,866,714
frame_0121.jpg,109,92,hand,745,219,854,311
frame_0121.jpg,103,106,hand,580,210,683,316
frame_0131.jpg,469,187,hand,535,531,1004,718
frame_0131.jpg,133,102,hand,786,259,919,361
frame_0131.jpg,110,101,hand,639,235,749,336
frame_0140.jpg,256,209,hand,755,441,1011,650
frame_0140.jpg,133,89,hand,807,233,940,322
frame_0140.jpg,112,101,hand,653,210,765,311
frame_0144.jpg,194,224,hand,833,468,1027,692
frame_0144.jpg,120,84,hand,787,225,907,309
frame_0144.jpg,97,110,hand,637,206,734,316
frame_0299.jpg,81,17,hand,744,701,825,718
frame_0299.jpg,124,97,hand,707,281,831,378
frame_0299.jpg,93,98,hand,596,276,689,374
frame_0340.jpg,39,13,hand,662,705,701,718
frame_0340.jpg,120,98,hand,645,275,765,373
frame_0340.jpg,117,97,hand,501,274,618,371
frame_0362.jpg,65,13,hand,700,705,765,718
frame_0362.jpg,147,152,hand,663,346,810,498
frame_0362.jpg,84,90,hand,505,288,589,378
frame_0442.jpg,128,94,hand,581,308,709,402
frame_0442.jpg,106,92,hand,466,300,572,392
frame_0543.jpg,91,17,hand,670,700,761,717
frame_0543.jpg,121,99,hand,620,329,741,428
frame_0543.jpg,121,107,hand,501,312,622,419
frame_0556.jpg,190,88,hand,693,630,883,718
frame_0556.jpg,126,93,hand,680,318,806,411
frame_0556.jpg,107,98,hand,568,308,675,406
frame_0593.jpg,170,84,hand,517,634,687,718
frame_0593.jpg,128,95,hand,682,379,810,474
frame_0593.jpg,107,101,hand,565,374,672,475
frame_0612.jpg,213,99,hand,696,619,909,718
frame_0612.jpg,132,94,hand,709,345,841,439
frame_0612.jpg,107,109,hand,592,332,699,441
frame_0619.jpg,154,62,hand,686,655,840,717
frame_0619.jpg,132,91,hand,692,321,824,412
frame_0619.jpg,119,98,hand,564,305,683,403
frame_0627.jpg,198,173,hand,732,545,930,718
frame_0627.jpg,124,89,hand,708,320,832,409
frame_0627.jpg,121,97,hand,580,303,701,400
frame_0649.jpg,67,46,hand,345,671,412,717
frame_0649.jpg,129,55,hand,624,663,753,718
frame_0649.jpg,113,95,hand,656,250,769,345
frame_0649.jpg,124,96,hand,494,241,618,337
frame_0679.jpg,83,55,hand,398,662,481,717
frame_0679.jpg,82,58,hand,695,660,777,718
frame_0679.jpg,129,86,hand,678,256,807,342
frame_0679.jpg,107,94,hand,559,247,666,341
frame_0680.jpg,90,54,hand,400,664,490,718
frame_0680.jpg,78,59,hand,701,659,779,718
frame_0680.jpg,130,104,hand,680,246,810,350
frame_0680.jpg,113,99,hand,555,243,668,342
frame_0683.jpg,135,87,hand,382,631,517,718
frame_0683.jpg,184,78,hand,645,640,829,718
frame_0683.jpg,123,77,hand,692,247,815,324
frame_0683.jpg,116,89,hand,567,241,683,330
frame_0698.jpg,228,117,hand,624,601,852,718
frame_0698.jpg,185,106,hand,349,610,534,716
frame_0698.jpg,100,145,hand,712,176,812,321
frame_0698.jpg,113,97,hand,542,219,655,316
frame_0716.jpg,58,23,hand,406,695,464,718
frame_0716.jpg,57,28,hand,679,685,736,713
frame_0716.jpg,210,178,hand,509,362,719,540
frame_0716.jpg,115,91,hand,452,284,567,375
frame_0718.jpg,58,22,hand,411,696,469,718
frame_0718.jpg,54,9,hand,671,708,725,717
frame_0718.jpg,206,165,hand,497,378,703,543
frame_0718.jpg,103,81,hand,453,293,556,374
frame_0732.jpg,79,33,hand,382,685,461,718
frame_0732.jpg,57,26,hand,659,692,716,718
frame_0732.jpg,128,106,hand,697,251,825,357
frame_0732.jpg,110,86,hand,543,247,653,333
frame_0750.jpg,116,64,hand,373,654,489,718
frame_0750.jpg,64,37,hand,678,681,742,718
frame_0750.jpg,125,100,hand,708,262,833,362
frame_0750.jpg,110,102,hand,585,242,695,344
frame_0751.jpg,104,50,hand,381,668,485,718
frame_0751.jpg,71,41,hand,671,677,742,718
frame_0751.jpg,117,84,hand,715,266,832,350
frame_0751.jpg,103,84,hand,581,252,684,336
frame_0754.jpg,108,54,hand,378,664,486,718
frame_0754.jpg,76,26,hand,668,691,744,717
frame_0754.jpg,134,99,hand,705,254,839,353
frame_0754.jpg,118,99,hand,579,235,697,334
frame_0768.jpg,105,54,hand,389,663,494,717
frame_0768.jpg,60,31,hand,676,683,736,714
frame_0768.jpg,116,89,hand,721,272,837,361
frame_0768.jpg,109,82,hand,587,256,696,338
frame_0781.jpg,112,48,hand,403,668,515,716
frame_0781.jpg,48,35,hand,688,683,736,718
frame_0781.jpg,145,131,hand,728,326,873,457
frame_0781.jpg,106,78,hand,569,255,675,333
frame_0802.jpg,111,52,hand,395,664,506,716
frame_0802.jpg,55,40,hand,682,676,737,716
frame_0802.jpg,102,105,hand,696,260,798,365
frame_0802.jpg,114,89,hand,568,258,682,347
frame_0819.jpg,76,20,hand,579,697,655,717
frame_0819.jpg,262,191,hand,625,527,887,718
frame_0819.jpg,124,96,hand,829,316,953,412
frame_0819.jpg,112,104,hand,696,278,808,382
frame_0821.jpg,78,35,hand,568,683,646,718
frame_0821.jpg,269,190,hand,633,528,902,718
frame_0821.jpg,130,109,hand,837,287,967,396
frame_0821.jpg,116,95,hand,708,271,824,366
frame_0876.jpg,40,21,hand,506,696,546,717
frame_0876.jpg,286,162,hand,563,556,849,718
frame_0876.jpg,123,100,hand,786,317,909,417
frame_0876.jpg,125,88,hand,656,308,781,396
frame_0880.jpg,270,133,hand,550,581,820,714
frame_0880.jpg,136,101,hand,771,308,907,409
frame_0880.jpg,123,97,hand,638,301,761,398
frame_0892.jpg,248,223,hand,581,495,829,718
frame_0892.jpg,120,95,hand,736,325,856,420
frame_0892.jpg,118,95,hand,610,307,728,402
frame_0903.jpg,84,42,hand,313,676,397,718
frame_0903.jpg,163,124,hand,637,592,800,716
frame_0903.jpg,109,91,hand,656,308,765,399
frame_0903.jpg,124,91,hand,519,307,643,398
frame_0907.jpg,65,45,hand,321,673,386,718
frame_0907.jpg,161,140,hand,722,574,883,714
frame_0907.jpg,109,95,hand,668,300,777,395
frame_0907.jpg,112,98,hand,538,289,650,387
frame_0917.jpg,59,29,hand,381,689,440,718
frame_0917.jpg,219,82,hand,588,636,807,718
frame_0917.jpg,120,86,hand,651,305,771,391
frame_0917.jpg,111,103,hand,528,296,639,399
frame_0954.jpg,14,14,hand,338,704,352,718
frame_0954.jpg,159,186,hand,800,532,959,718
frame_0954.jpg,119,102,hand,676,337,795,439
frame_0954.jpg,108,99,hand,556,328,664,427
frame_1015.jpg,89,62,hand,399,656,488,718
frame_1015.jpg,79,40,hand,658,677,737,717
frame_1015.jpg,105,91,hand,705,270,810,361
frame_1015.jpg,127,85,hand,559,264,686,349
frame_1016.jpg,110,66,hand,379,652,489,718
frame_1016.jpg,79,41,hand,659,677,738,718
frame_1016.jpg,102,84,hand,700,278,802,362
frame_1016.jpg,112,90,hand,560,268,672,358
frame_1028.jpg,113,59,hand,369,659,482,718
frame_1028.jpg,59,37,hand,663,676,722,713
frame_1028.jpg,112,105,hand,766,221,878,326
frame_1028.jpg,114,94,hand,554,251,668,345
frame_1033.jpg,138,91,hand,340,623,478,714
frame_1033.jpg,112,66,hand,671,652,783,718
frame_1033.jpg,140,103,hand,692,227,832,330
frame_1033.jpg,111,83,hand,548,239,659,322
frame_1036.jpg,177,108,hand,337,610,514,718
frame_1036.jpg,211,83,hand,580,635,791,718
frame_1036.jpg,126,106,hand,689,201,815,307
frame_1036.jpg,112,99,hand,542,213,654,312
frame_1063.jpg,163,120,hand,352,598,515,718
frame_1063.jpg,203,78,hand,596,640,799,718
frame_1063.jpg,131,111,hand,693,193,824,304
frame_1063.jpg,127,81,hand,544,237,671,318
frame_1098.jpg,201,83,hand,327,635,528,718
frame_1098.jpg,182,100,hand,587,618,769,718
frame_1098.jpg,113,112,hand,678,258,791,370
frame_1098.jpg,107,91,hand,517,250,624,341
frame_1139.jpg,115,83,hand,292,634,407,717
frame_1139.jpg,199,63,hand,525,655,724,718
frame_1139.jpg,135,99,hand,680,270,815,369
frame_1139.jpg,111,96,hand,556,237,667,333
frame_1232.jpg,214,127,hand,354,589,568,716
frame_1232.jpg,210,96,hand,643,622,853,718
frame_1232.jpg,147,103,hand,781,233,928,336
frame_1232.jpg,105,96,hand,637,201,742,297
frame_1240.jpg,183,99,hand,356,613,539,712
frame_1240.jpg,111,72,hand,667,646,778,718
frame_1240.jpg,136,113,hand,708,227,844,340
frame_1240.jpg,117,93,hand,563,227,680,320
frame_1285.jpg,96,64,hand,357,652,453,716
frame_1285.jpg,117,78,hand,664,640,781,718
frame_1285.jpg,149,95,hand,683,278,832,373
frame_1285.jpg,95,102,hand,571,247,666,349
frame_1332.jpg,34,26,hand,393,692,427,718
frame_1332.jpg,191,108,hand,719,609,910,717
frame_1332.jpg,98,132,hand,696,15,794,147
frame_1332.jpg,105,94,hand,561,325,666,419
frame_1356.jpg,58,33,hand,494,685,552,718
frame_1356.jpg,258,196,hand,604,522,862,718
frame_1356.jpg,101,61,hand,752,4,853,65
frame_1356.jpg,107,102,hand,633,271,740,373
frame_1359.jpg,50,45,hand,497,673,547,718
frame_1359.jpg,265,199,hand,605,518,870,717
frame_1359.jpg,92,46,hand,765,3,857,49
frame_1359.jpg,111,97,hand,635,264,746,361
frame_1429.jpg,28,20,hand,369,698,397,718
frame_1429.jpg,182,180,hand,827,530,1009,710
frame_1429.jpg,129,93,hand,667,332,796,425
frame_1429.jpg,114,101,hand,536,318,650,419
frame_1457.jpg,24,17,hand,321,700,345,717
frame_1457.jpg,125,108,hand,547,309,672,417
frame_1457.jpg,123,101,hand,419,320,542,421
frame_1471.jpg,76,30,hand,646,688,722,718
frame_1471.jpg,103,107,hand,592,304,695,411
frame_1471.jpg,114,90,hand,433,322,547,412
frame_1508.jpg,124,78,hand,295,639,419,717
frame_1508.jpg,184,107,hand,686,611,870,718
frame_1508.jpg,142,101,hand,641,225,783,326
frame_1508.jpg,110,111,hand,474,251,584,362
frame_1511.jpg,54,63,hand,327,654,381,717
frame_1511.jpg,186,82,hand,618,636,804,718
frame_1511.jpg,128,109,hand,684,221,812,330
frame_1511.jpg,119,111,hand,457,255,576,366
frame_1530.jpg,49,30,hand,353,688,402,718
frame_1530.jpg,144,115,hand,691,601,835,716
frame_1530.jpg,125,99,hand,616,251,741,350
frame_1530.jpg,116,106,hand,482,247,598,353
frame_1533.jpg,56,43,hand,344,675,400,718
frame_1533.jpg,150,105,hand,675,613,825,718
frame_1533.jpg,142,94,hand,613,251,755,345
frame_1533.jpg,97,116,hand,505,245,602,361
frame_1554.jpg,150,84,hand,642,634,792,718
frame_1554.jpg,128,106,hand,629,300,757,406
frame_1554.jpg,110,114,hand,510,293,620,407
frame_1555.jpg,133,67,hand,641,651,774,718
frame_1555.jpg,136,123,hand,630,296,766,419
frame_1555.jpg,102,135,hand,510,281,612,416
frame_1596.jpg,35,7,hand,383,710,418,717
frame_1596.jpg,65,23,hand,708,695,773,718
frame_1596.jpg,130,111,hand,654,297,784,408
frame_1596.jpg,98,110,hand,535,285,633,395
frame_1619.jpg,76,50,hand,653,664,729,714
frame_1619.jpg,119,99,hand,646,324,765,423
frame_1619.jpg,94,124,hand,510,299,604,423
frame_1642.jpg,99,55,hand,584,663,683,718
frame_1642.jpg,149,124,hand,637,387,786,511
frame_1642.jpg,99,97,hand,477,312,576,409
frame_1674.jpg,190,207,hand,795,511,985,718
frame_1674.jpg,133,107,hand,707,291,840,398
frame_1674.jpg,105,124,hand,594,284,699,408
frame_1677.jpg,196,182,hand,819,535,1015,717
frame_1677.jpg,128,108,hand,709,296,837,404
frame_1677.jpg,113,112,hand,588,295,701,407
frame_1729.jpg,79,12,hand,539,704,618,716
frame_1729.jpg,236,146,hand,415,320,651,466
frame_1729.jpg,114,103,hand,358,321,472,424
frame_1734.jpg,238,139,hand,341,398,579,537
frame_1734.jpg,134,106,hand,249,293,383,399
frame_1764.jpg,72,50,hand,368,668,440,718
frame_1764.jpg,110,47,hand,664,671,774,718
frame_1764.jpg,140,108,hand,662,292,802,400
frame_1764.jpg,99,115,hand,521,246,620,361
frame_1785.jpg,60,49,hand,360,669,420,718
frame_1785.jpg,151,88,hand,630,630,781,718
frame_1785.jpg,145,111,hand,666,342,811,453
frame_1785.jpg,109,93,hand,466,268,575,361
frame_1797.jpg,81,63,hand,383,654,464,717
frame_1797.jpg,184,78,hand,651,640,835,718
frame_1797.jpg,130,103,hand,691,254,821,357
frame_1797.jpg,116,102,hand,571,245,687,347
frame_1806.jpg,75,71,hand,366,643,441,714
frame_1806.jpg,157,110,hand,732,607,889,717
frame_1806.jpg,156,103,hand,672,260,828,363
frame_1806.jpg,119,98,hand,561,256,680,354
frame_1809.jpg,61,33,hand,374,680,435,713
frame_1809.jpg,159,97,hand,767,621,926,718
frame_1809.jpg,133,109,hand,678,262,811,371
frame_1809.jpg,120,118,hand,548,241,668,359
frame_1849.jpg,190,71,hand,658,647,848,718
frame_1849.jpg,124,101,hand,666,326,790,427
frame_1849.jpg,109,101,hand,540,305,649,406
frame_1896.jpg,187,75,hand,660,643,847,718
frame_1896.jpg,117,115,hand,624,314,741,429
frame_1896.jpg,123,109,hand,503,304,626,413
frame_1914.jpg,323,174,hand,568,544,891,718
frame_1914.jpg,126,107,hand,730,325,856,432
frame_1914.jpg,112,116,hand,597,297,709,413
frame_1915.jpg,276,173,hand,556,544,832,717
frame_1915.jpg,120,105,hand,733,324,853,429
frame_1915.jpg,120,102,hand,597,301,717,403
frame_1941.jpg,171,162,hand,825,551,996,713
frame_1941.jpg,122,94,hand,635,351,757,445
frame_1941.jpg,127,97,hand,511,324,638,421
frame_2036.jpg,248,116,hand,292,602,540,718
frame_2036.jpg,262,157,hand,587,561,849,718
frame_2036.jpg,120,92,hand,639,184,759,276
frame_2036.jpg,107,99,hand,493,180,600,279
frame_2061.jpg,225,86,hand,292,632,517,718
frame_2061.jpg,255,137,hand,584,581,839,718
frame_2061.jpg,136,88,hand,639,197,775,285
frame_2061.jpg,124,83,hand,488,208,612,291
frame_2124.jpg,267,163,hand,565,555,832,718
frame_2124.jpg,102,103,hand,704,314,806,417
frame_2124.jpg,110,95,hand,569,296,679,391
frame_2166.jpg,198,155,hand,783,563,981,718
frame_2166.jpg,119,105,hand,627,311,746,416
frame_2166.jpg,86,109,hand,481,304,567,413
frame_2195.jpg,217,79,hand,284,639,501,718
frame_2195.jpg,254,84,hand,538,634,792,718
frame_2195.jpg,123,89,hand,576,229,699,318
frame_2195.jpg,129,100,hand,430,213,559,313
frame_2202.jpg,220,64,hand,286,654,506,718
frame_2202.jpg,251,76,hand,547,642,798,718
frame_2202.jpg,124,91,hand,581,234,705,325
frame_2202.jpg,115,95,hand,445,230,560,325
frame_2205.jpg,217,49,hand,298,668,515,717
frame_2205.jpg,251,68,hand,548,650,799,718
frame_2205.jpg,129,106,hand,580,231,709,337
frame_2205.jpg,121,94,hand,440,239,561,333
frame_2224.jpg,79,56,hand,311,662,390,718
frame_2224.jpg,246,68,hand,561,650,807,718
frame_2224.jpg,130,99,hand,583,237,713,336
frame_2224.jpg,114,87,hand,447,241,561,328
frame_2229.jpg,74,53,hand,319,665,393,718
frame_2229.jpg,138,59,hand,668,658,806,717
frame_2229.jpg,125,95,hand,592,243,717,338
frame_2229.jpg,114,97,hand,453,241,567,338
frame_2286.jpg,262,199,hand,621,510,883,709
frame_2286.jpg,120,101,hand,744,270,864,371
frame_2286.jpg,120,91,hand,614,283,734,374
frame_2301.jpg,217,299,hand,825,419,1042,718
frame_2301.jpg,115,99,hand,734,297,849,396
frame_2301.jpg,145,95,hand,591,308,736,403
frame_2309.jpg,225,101,hand,769,617,994,718
frame_2309.jpg,107,92,hand,654,299,761,391
frame_2309.jpg,124,93,hand,515,297,639,390
frame_2393.jpg,115,62,hand,745,656,860,718
frame_2393.jpg,110,92,hand,682,312,792,404
frame_2393.jpg,120,93,hand,548,316,668,409
frame_2436.jpg,196,224,hand,792,494,988,718
frame_2436.jpg,114,98,hand,649,285,763,383
frame_2436.jpg,128,90,hand,511,301,639,391
frame_2591.jpg,108,93,hand,667,532,775,625
frame_2591.jpg,96,115,hand,406,490,502,605
frame_2643.jpg,100,100,hand,711,420,811,520
frame_2643.jpg,133,190,hand,518,468,651,658
frame_2662.jpg,99,95,hand,753,281,852,376
frame_2662.jpg,134,122,hand,569,200,703,322
frame_2663.jpg,109,106,hand,757,281,866,387
frame_2663.jpg,132,159,hand,587,239,719,398
frame_2690.jpg,142,77,hand,291,639,433,716
frame_2690.jpg,157,109,hand,543,603,700,712
frame_2690.jpg,89,69,hand,626,219,715,288
frame_2690.jpg,76,56,hand,480,219,556,275
frame_2695.jpg,96,67,hand,568,295,664,362
frame_2695.jpg,60,61,hand,453,300,513,361
frame_0021.jpg,140,116,hand,139,602,279,718
frame_0021.jpg,328,143,hand,600,570,928,713
frame_0021.jpg,136,97,hand,469,197,605,294
frame_0021.jpg,122,91,hand,313,193,435,284
frame_0100.jpg,58,29,hand,205,689,263,718
frame_0100.jpg,462,282,hand,673,356,1135,638
frame_0100.jpg,136,83,hand,484,216,620,299
frame_0100.jpg,104,89,hand,353,226,457,315
frame_0160.jpg,79,64,hand,174,654,253,718
frame_0160.jpg,411,337,hand,594,380,1005,717
frame_0160.jpg,138,83,hand,518,205,656,288
frame_0160.jpg,114,82,hand,387,212,501,294
frame_0199.jpg,335,254,hand,10,462,345,716
frame_0199.jpg,223,178,hand,526,272,749,450
frame_0199.jpg,155,83,hand,467,76,622,159
frame_0199.jpg,113,91,hand,338,88,451,179
frame_0208.jpg,320,267,hand,5,451,325,718
frame_0208.jpg,260,289,hand,511,284,771,573
frame_0208.jpg,152,93,hand,474,68,626,161
frame_0208.jpg,121,99,hand,334,89,455,188
frame_0232.jpg,373,249,hand,68,469,441,718
frame_0232.jpg,315,283,hand,535,429,850,712
frame_0232.jpg,161,89,hand,525,93,686,182
frame_0232.jpg,112,102,hand,385,95,497,197
frame_0233.jpg,369,237,hand,67,481,436,718
frame_0233.jpg,323,273,hand,527,437,850,710
frame_0233.jpg,162,83,hand,518,94,680,177
frame_0233.jpg,133,93,hand,368,95,501,188
frame_0247.jpg,394,222,hand,71,496,465,718
frame_0247.jpg,290,274,hand,607,438,897,712
frame_0247.jpg,136,78,hand,567,108,703,186
frame_0247.jpg,111,85,hand,397,116,508,201
frame_0249.jpg,404,280,hand,84,438,488,718
frame_0249.jpg,313,296,hand,561,388,874,684
frame_0249.jpg,142,91,hand,535,68,677,159
frame_0249.jpg,117,81,hand,380,82,497,163
frame_0266.jpg,45,16,hand,280,702,325,718
frame_0266.jpg,224,73,hand,630,644,854,717
frame_0266.jpg,155,104,hand,554,248,709,352
frame_0266.jpg,144,129,hand,353,354,497,483
frame_0271.jpg,118,78,hand,224,640,342,718
frame_0271.jpg,280,138,hand,603,576,883,714
frame_0271.jpg,150,91,hand,546,199,696,290
frame_0271.jpg,121,110,hand,357,229,478,339
frame_0283.jpg,59,49,hand,249,669,308,718
frame_0283.jpg,372,174,hand,613,543,985,717
frame_0283.jpg,147,106,hand,541,216,688,322
frame_0283.jpg,136,96,hand,389,241,525,337
frame_0293.jpg,99,87,hand,205,631,304,718
frame_0293.jpg,493,246,hand,599,472,1092,718
frame_0293.jpg,174,87,hand,514,195,688,282
frame_0293.jpg,142,69,hand,366,210,508,279
frame_0296.jpg,128,107,hand,191,610,319,717
frame_0296.jpg,427,273,hand,606,445,1033,718
frame_0296.jpg,163,78,hand,535,180,698,258
frame_0296.jpg,104,93,hand,376,182,480,275
frame_0303.jpg,151,117,hand,185,601,336,718
frame_0303.jpg,498,277,hand,602,425,1100,702
frame_0303.jpg,154,85,hand,525,169,679,254
frame_0303.jpg,131,100,hand,383,184,514,284
frame_0338.jpg,51,26,hand,398,692,449,718
frame_0338.jpg,223,216,hand,696,424,919,640
frame_0338.jpg,136,98,hand,626,222,762,320
frame_0338.jpg,119,96,hand,461,241,580,337
frame_0341.jpg,78,50,hand,373,668,451,718
frame_0341.jpg,212,233,hand,715,398,927,631
frame_0341.jpg,147,91,hand,628,216,775,307
frame_0341.jpg,112,95,hand,480,233,592,328
frame_0351.jpg,135,110,hand,313,602,448,712
frame_0351.jpg,422,231,hand,499,383,921,614
frame_0351.jpg,137,84,hand,614,195,751,279
frame_0351.jpg,123,112,hand,469,199,592,311
frame_0362.jpg,118,83,hand,296,631,414,714
frame_0362.jpg,365,231,hand,541,375,906,606
frame_0362.jpg,153,96,hand,577,203,730,299
frame_0362.jpg,125,91,hand,440,224,565,315
frame_0383.jpg,95,84,hand,204,632,299,716
frame_0383.jpg,450,192,hand,592,522,1042,714
frame_0383.jpg,149,110,hand,556,184,705,294
frame_0383.jpg,129,93,hand,391,201,520,294
frame_0409.jpg,85,74,hand,179,644,264,718
frame_0409.jpg,442,227,hand,591,489,1033,716
frame_0409.jpg,130,85,hand,520,207,650,292
frame_0409.jpg,136,110,hand,359,178,495,288
frame_0448.jpg,73,41,hand,209,677,282,718
frame_0448.jpg,458,196,hand,594,520,1052,716
frame_0448.jpg,140,97,hand,546,182,686,279
frame_0448.jpg,129,79,hand,412,207,541,286
frame_0454.jpg,93,57,hand,217,661,310,718
frame_0454.jpg,413,236,hand,569,482,982,718
frame_0454.jpg,136,89,hand,539,186,675,275
frame_0454.jpg,131,98,hand,404,201,535,299
frame_0460.jpg,93,55,hand,194,657,287,712
frame_0460.jpg,414,278,hand,547,440,961,718
frame_0460.jpg,152,99,hand,508,176,660,275
frame_0460.jpg,120,89,hand,366,201,486,290
frame_0497.jpg,405,315,hand,817,335,1222,650
frame_0497.jpg,155,93,hand,573,250,728,343
frame_0497.jpg,137,97,hand,419,267,556,364
frame_0506.jpg,229,255,hand,734,328,963,583
frame_0506.jpg,122,102,hand,455,275,577,377
frame_0529.jpg,301,161,hand,171,555,472,716
frame_0529.jpg,144,106,hand,499,125,643,231
frame_0529.jpg,125,76,hand,372,157,497,233
frame_0555.jpg,252,89,hand,220,627,472,716
frame_0555.jpg,302,184,hand,554,534,856,718
frame_0555.jpg,150,98,hand,544,150,694,248
frame_0555.jpg,136,72,hand,408,176,544,248
frame_0556.jpg,236,92,hand,220,622,456,714
frame_0556.jpg,301,183,hand,552,534,853,717
frame_0556.jpg,144,87,hand,556,154,700,241
frame_0556.jpg,140,91,hand,408,161,548,252
frame_0572.jpg,307,186,hand,135,532,442,718
frame_0572.jpg,366,248,hand,548,468,914,716
frame_0572.jpg,140,85,hand,558,63,698,148
frame_0572.jpg,138,103,hand,406,34,544,137
frame_0587.jpg,352,284,hand,262,434,614,718
frame_0587.jpg,311,289,hand,603,421,914,710
frame_0587.jpg,164,72,hand,611,108,775,180
frame_0587.jpg,168,101,hand,435,68,603,169
frame_0618.jpg,258,180,hand,283,538,541,718
frame_0618.jpg,285,209,hand,577,508,862,717
frame_0618.jpg,148,82,hand,552,140,700,222
frame_0618.jpg,125,89,hand,378,123,503,212
frame_0634.jpg,312,208,hand,196,510,508,718
frame_0634.jpg,288,177,hand,594,541,882,718
frame_0634.jpg,136,72,hand,539,144,675,216
frame_0634.jpg,132,85,hand,380,146,512,231
frame_0640.jpg,214,159,hand,236,559,450,718
frame_0640.jpg,277,155,hand,630,563,907,718
frame_0640.jpg,139,76,hand,544,159,683,235
frame_0640.jpg,130,95,hand,397,148,527,243
frame_0677.jpg,314,180,hand,257,534,571,714
frame_0677.jpg,330,169,hand,608,547,938,716
frame_0677.jpg,138,94,hand,611,137,749,231
frame_0677.jpg,147,87,hand,450,144,597,231
frame_0696.jpg,275,131,hand,228,587,503,718
frame_0696.jpg,324,106,hand,567,612,891,718
frame_0696.jpg,163,87,hand,580,186,743,273
frame_0696.jpg,130,95,hand,433,180,563,275
frame_0718.jpg,129,112,hand,198,604,327,716
frame_0718.jpg,176,110,hand,679,608,855,718
frame_0718.jpg,142,95,hand,561,199,703,294
frame_0718.jpg,187,108,hand,376,150,563,258
frame_0736.jpg,358,224,hand,194,494,552,718
frame_0736.jpg,366,231,hand,599,485,965,716
frame_0736.jpg,151,95,hand,594,112,745,207
frame_0736.jpg,146,110,hand,402,40,548,150
frame_0787.jpg,119,106,hand,257,612,376,718
frame_0787.jpg,339,243,hand,583,470,922,713
frame_0787.jpg,163,102,hand,546,188,709,290
frame_0787.jpg,121,89,hand,412,195,533,284
frame_0793.jpg,138,87,hand,266,631,404,718
frame_0793.jpg,366,281,hand,496,402,862,683
frame_0793.jpg,181,93,hand,522,197,703,290
frame_0793.jpg,114,98,hand,406,203,520,301
frame_0846.jpg,214,104,hand,296,614,510,718
frame_0846.jpg,186,80,hand,726,636,912,716
frame_0846.jpg,140,81,hand,609,203,749,284
frame_0846.jpg,146,106,hand,444,159,590,265
frame_0852.jpg,235,125,hand,247,593,482,718
frame_0852.jpg,207,104,hand,669,614,876,718
frame_0852.jpg,154,87,hand,546,188,700,275
frame_0852.jpg,142,110,hand,404,123,546,233
frame_0854.jpg,267,144,hand,221,574,488,718
frame_0854.jpg,227,121,hand,645,597,872,718
frame_0854.jpg,142,81,hand,539,182,681,263
frame_0854.jpg,136,108,hand,391,116,527,224
frame_0857.jpg,257,152,hand,217,566,474,718
frame_0857.jpg,216,117,hand,646,600,862,717
frame_0857.jpg,146,89,hand,531,167,677,256
frame_0857.jpg,148,93,hand,336,106,484,199
frame_0989.jpg,306,193,hand,219,525,525,718
frame_0989.jpg,244,170,hand,779,345,1023,515
frame_0989.jpg,131,101,hand,584,123,715,224
frame_0989.jpg,140,95,hand,431,140,571,235
frame_0992.jpg,280,172,hand,230,546,510,718
frame_0992.jpg,243,193,hand,777,332,1020,525
frame_0992.jpg,146,99,hand,563,144,709,243
frame_0992.jpg,130,102,hand,433,161,563,263
frame_0996.jpg,288,165,hand,230,553,518,718
frame_0996.jpg,296,282,hand,705,260,1001,542
frame_0996.jpg,155,106,hand,577,167,732,273
frame_0996.jpg,142,104,hand,438,180,580,284
frame_1048.jpg,72,59,hand,270,659,342,718
frame_1048.jpg,280,254,hand,664,464,944,718
frame_1048.jpg,136,85,hand,569,267,705,352
frame_1048.jpg,125,80,hand,431,286,556,366
frame_1069.jpg,95,95,hand,245,623,340,718
frame_1069.jpg,169,49,hand,650,669,819,718
frame_1069.jpg,150,95,hand,548,237,698,332
frame_1069.jpg,129,96,hand,412,239,541,335
frame_1071.jpg,106,95,hand,226,623,332,718
frame_1071.jpg,182,51,hand,633,667,815,718
frame_1071.jpg,142,104,hand,544,231,686,335
frame_1071.jpg,136,76,hand,389,256,525,332
frame_1085.jpg,78,80,hand,205,638,283,718
frame_1085.jpg,186,66,hand,620,652,806,718
frame_1085.jpg,148,79,hand,533,243,681,322
frame_1085.jpg,130,89,hand,378,222,508,311
frame_1086.jpg,98,85,hand,221,633,319,718
frame_1086.jpg,227,68,hand,607,650,834,718
frame_1086.jpg,148,87,hand,527,241,675,328
frame_1086.jpg,138,80,hand,374,229,512,309
frame_1094.jpg,114,97,hand,228,621,342,718
frame_1094.jpg,237,87,hand,616,631,853,718
frame_1094.jpg,132,82,hand,554,233,686,315
frame_1094.jpg,137,85,hand,402,218,539,303
frame_1142.jpg,85,68,hand,285,648,370,716
frame_1142.jpg,258,93,hand,673,625,931,718
frame_1142.jpg,156,97,hand,596,190,752,287
frame_1142.jpg,127,98,hand,438,131,565,229
frame_1159.jpg,83,81,hand,274,633,357,714
frame_1159.jpg,299,246,hand,707,472,1006,718
frame_1159.jpg,135,80,hand,584,210,719,290
frame_1159.jpg,159,102,hand,444,135,603,237
frame_1167.jpg,72,53,hand,253,657,325,710
frame_1167.jpg,252,244,hand,762,472,1014,716
frame_1167.jpg,155,89,hand,541,195,696,284
frame_1167.jpg,131,93,hand,438,148,569,241
frame_1168.jpg,75,66,hand,238,652,313,718
frame_1168.jpg,238,249,hand,773,465,1011,714
frame_1168.jpg,153,95,hand,537,197,690,292
frame_1168.jpg,135,96,hand,438,152,573,248
frame_1219.jpg,282,116,hand,162,602,444,718
frame_1219.jpg,332,279,hand,705,406,1037,685
frame_1219.jpg,146,81,hand,580,201,726,282
frame_1219.jpg,127,97,hand,444,180,571,277
frame_1308.jpg,101,93,hand,294,625,395,718
frame_1308.jpg,445,290,hand,563,428,1008,718
frame_1308.jpg,135,81,hand,599,207,734,288
frame_1308.jpg,115,119,hand,448,82,563,201
frame_1316.jpg,63,36,hand,264,682,327,718
frame_1316.jpg,323,312,hand,811,363,1134,675
frame_1316.jpg,140,89,hand,569,239,709,328
frame_1316.jpg,127,102,hand,389,144,516,246
frame_1433.jpg,421,244,hand,816,462,1237,706
frame_1433.jpg,80,111,hand,688,296,768,407
frame_1433.jpg,139,136,hand,527,279,666,415
frame_1434.jpg,447,244,hand,790,469,1237,713
frame_1434.jpg,91,104,hand,681,303,772,407
frame_1434.jpg,157,98,hand,518,296,675,394
frame_1489.jpg,113,91,hand,272,627,385,718
frame_1489.jpg,365,346,hand,901,190,1266,536
frame_1489.jpg,129,80,hand,669,195,798,275
frame_1489.jpg,203,167,hand,658,286,861,453
frame_1500.jpg,97,97,hand,245,621,342,718
frame_1500.jpg,367,375,hand,906,76,1273,451
frame_1500.jpg,142,45,hand,633,184,775,229
frame_1500.jpg,178,131,hand,618,237,796,368
frame_1506.jpg,87,74,hand,217,644,304,718
frame_1506.jpg,403,375,hand,876,89,1279,464
frame_1506.jpg,79,85,hand,664,190,743,275
frame_1506.jpg,153,127,hand,482,106,635,233
frame_1574.jpg,72,91,hand,281,627,353,718
frame_1574.jpg,418,301,hand,857,309,1275,610
frame_1574.jpg,144,93,hand,618,250,762,343
frame_1574.jpg,153,123,hand,461,186,614,309
frame_1614.jpg,387,187,hand,507,531,894,718
frame_1614.jpg,139,93,hand,527,288,666,381
frame_1614.jpg,204,117,hand,499,400,703,517
frame_1629.jpg,384,180,hand,711,538,1095,718
frame_1629.jpg,112,74,hand,603,256,715,330
frame_1629.jpg,189,154,hand,609,352,798,506
frame_1646.jpg,270,214,hand,817,503,1087,717
frame_1646.jpg,140,93,hand,603,250,743,343
frame_1646.jpg,147,102,hand,467,146,614,248
frame_1680.jpg,250,313,hand,909,322,1159,635
frame_1680.jpg,132,104,hand,681,243,813,347
frame_1680.jpg,125,112,hand,510,229,635,341
frame_1705.jpg,193,161,hand,175,557,368,718
frame_1705.jpg,413,280,hand,546,346,959,626
frame_1705.jpg,136,89,hand,594,161,730,250
frame_1705.jpg,113,103,hand,448,157,561,260
frame_1733.jpg,290,237,hand,758,468,1048,705
frame_1733.jpg,135,100,hand,599,252,734,352
frame_1733.jpg,140,98,hand,442,243,582,341
frame_1769.jpg,288,313,hand,724,303,1012,616
frame_1769.jpg,72,60,hand,650,332,722,392
frame_1769.jpg,132,93,hand,505,301,637,394
frame_1770.jpg,247,315,hand,720,311,967,626
frame_1770.jpg,56,28,hand,666,360,722,388
frame_1770.jpg,118,87,hand,525,307,643,394
frame_1817.jpg,494,195,hand,607,515,1101,710
frame_1817.jpg,140,100,hand,605,241,745,341
frame_1817.jpg,127,87,hand,455,265,582,352
frame_1847.jpg,38,34,hand,285,684,323,718
frame_1847.jpg,498,210,hand,690,506,1188,716
frame_1847.jpg,135,72,hand,690,237,825,309
frame_1847.jpg,182,157,hand,705,326,887,483
frame_1849.jpg,56,38,hand,274,678,330,716
frame_1849.jpg,523,201,hand,675,513,1198,714
frame_1849.jpg,136,70,hand,683,235,819,305
frame_1849.jpg,208,152,hand,666,322,874,474
frame_1875.jpg,59,49,hand,264,669,323,718
frame_1875.jpg,405,434,hand,872,142,1277,576
frame_1875.jpg,161,102,hand,633,218,794,320
frame_1875.jpg,159,99,hand,440,127,599,226
frame_1880.jpg,55,53,hand,277,665,332,718
frame_1880.jpg,382,395,hand,790,210,1172,605
frame_1880.jpg,144,104,hand,495,125,639,229
frame_1898.jpg,324,195,hand,82,521,406,716
frame_1898.jpg,326,211,hand,609,369,935,580
frame_1898.jpg,146,81,hand,550,118,696,199
frame_1898.jpg,147,106,hand,414,44,561,150
frame_1908.jpg,339,155,hand,65,563,404,718
frame_1908.jpg,280,210,hand,603,326,883,536
frame_1908.jpg,146,97,hand,531,123,677,220
frame_1908.jpg,120,102,hand,402,137,522,239
frame_1951.jpg,313,163,hand,245,555,558,718
frame_1951.jpg,381,244,hand,675,457,1056,701
frame_1951.jpg,148,85,hand,669,161,817,246
frame_1951.jpg,125,91,hand,520,161,645,252
frame_1984.jpg,358,203,hand,154,515,512,718
frame_1984.jpg,364,255,hand,567,419,931,674
frame_1984.jpg,156,93,hand,614,133,770,226
frame_1984.jpg,117,104,hand,467,131,584,235
frame_1998.jpg,322,163,hand,200,555,522,718
frame_1998.jpg,394,240,hand,597,470,991,710
frame_1998.jpg,155,85,hand,609,144,764,229
frame_1998.jpg,95,106,hand,478,127,573,233
frame_2046.jpg,322,150,hand,211,568,533,718
frame_2046.jpg,339,308,hand,711,330,1050,638
frame_2046.jpg,140,80,hand,620,157,760,237
frame_2046.jpg,145,104,hand,435,27,580,131
frame_2076.jpg,66,55,hand,266,657,332,712
frame_2076.jpg,519,218,hand,584,496,1103,714
frame_2076.jpg,174,74,hand,573,239,747,313
frame_2076.jpg,163,86,hand,461,157,624,243
frame_2084.jpg,65,51,hand,296,661,361,712
frame_2084.jpg,434,214,hand,620,504,1054,718
frame_2084.jpg,157,89,hand,592,237,749,326
frame_2084.jpg,184,102,hand,463,184,647,286
frame_2086.jpg,74,62,hand,287,652,361,714
frame_2086.jpg,443,216,hand,618,502,1061,718
frame_2086.jpg,170,80,hand,592,233,762,313
frame_2086.jpg,161,83,hand,478,186,639,269
frame_2111.jpg,64,55,hand,310,661,374,716
frame_2111.jpg,426,224,hand,654,494,1080,718
frame_2111.jpg,142,78,hand,630,248,772,326
frame_2111.jpg,164,104,hand,435,199,599,303
frame_2117.jpg,78,78,hand,302,638,380,716
frame_2117.jpg,486,242,hand,630,474,1116,716
frame_2117.jpg,134,95,hand,626,218,760,313
frame_2117.jpg,174,117,hand,452,165,626,282
frame_2131.jpg,440,263,hand,99,449,539,712
frame_2131.jpg,414,261,hand,594,288,1008,549
frame_2131.jpg,146,85,hand,588,74,734,159
frame_2131.jpg,156,114,hand,421,4,577,118
frame_2154.jpg,371,176,hand,147,542,518,718
frame_2154.jpg,483,307,hand,590,360,1073,667
frame_2154.jpg,155,76,hand,550,131,705,207
frame_2154.jpg,125,129,hand,455,34,580,163
frame_2340.jpg,293,155,hand,219,563,512,718
frame_2340.jpg,380,274,hand,611,436,991,710
frame_2340.jpg,127,83,hand,605,165,732,248
frame_2340.jpg,135,114,hand,332,38,467,152
frame_2410.jpg,460,133,hand,711,585,1171,718
frame_2410.jpg,137,79,hand,614,309,751,388
frame_2410.jpg,135,115,hand,459,290,594,405
frame_2467.jpg,55,27,hand,342,689,397,716
frame_2467.jpg,221,233,hand,664,447,885,680
frame_2467.jpg,150,74,hand,633,235,783,309
frame_2467.jpg,172,132,hand,442,226,614,358
frame_2521.jpg,315,129,hand,101,589,416,718
frame_2521.jpg,290,148,hand,514,569,804,717
frame_2521.jpg,140,85,hand,546,184,686,269
frame_2521.jpg,182,115,hand,385,97,567,212
frame_2603.jpg,49,23,hand,306,695,355,718
frame_2603.jpg,496,186,hand,628,532,1124,718
frame_2603.jpg,152,91,hand,616,246,768,337
frame_2603.jpg,116,125,hand,370,273,486,398
frame_2620.jpg,89,74,hand,236,644,325,718
frame_2620.jpg,507,348,hand,626,360,1133,708
frame_2620.jpg,144,93,hand,590,210,734,303
frame_2620.jpg,130,104,hand,452,197,582,301
frame_2653.jpg,390,295,hand,753,413,1143,708
frame_2653.jpg,142,89,hand,624,284,766,373
frame_2653.jpg,117,97,hand,488,282,605,379
frame_2667.jpg,238,217,hand,736,474,974,691
frame_2667.jpg,157,82,hand,628,301,785,383
frame_2667.jpg,94,108,hand,505,288,599,396
frame_0008.jpg,232,80,hand,261,634,493,714
frame_0008.jpg,168,72,hand,573,646,741,718
frame_0008.jpg,177,95,hand,588,124,765,219
frame_0008.jpg,109,100,hand,460,123,569,223
frame_0016.jpg,211,89,hand,267,629,478,718
frame_0016.jpg,171,75,hand,594,643,765,718
frame_0016.jpg,165,88,hand,597,131,762,219
frame_0016.jpg,113,106,hand,474,120,587,226
frame_0033.jpg,214,93,hand,267,625,481,718
frame_0033.jpg,171,68,hand,575,650,746,718
frame_0033.jpg,164,97,hand,601,120,765,217
frame_0033.jpg,127,104,hand,469,117,596,221
frame_0044.jpg,195,110,hand,266,607,461,717
frame_0044.jpg,202,68,hand,514,650,716,718
frame_0044.jpg,156,104,hand,592,127,748,231
frame_0044.jpg,123,103,hand,465,128,588,231
frame_0057.jpg,260,107,hand,177,607,437,714
frame_0057.jpg,45,18,hand,490,700,535,718
frame_0057.jpg,149,103,hand,556,171,705,274
frame_0057.jpg,119,107,hand,427,177,546,284
frame_0101.jpg,107,86,hand,299,632,406,718
frame_0101.jpg,161,113,hand,493,256,654,369
frame_0101.jpg,125,100,hand,360,278,485,378
frame_0125.jpg,145,89,hand,626,284,771,373
frame_0125.jpg,122,121,hand,517,241,639,362
frame_0150.jpg,162,95,hand,567,320,729,415
frame_0150.jpg,110,105,hand,404,307,514,412
frame_0153.jpg,156,90,hand,580,318,736,408
frame_0153.jpg,125,102,hand,444,296,569,398
frame_0197.jpg,170,99,hand,550,221,720,320
frame_0197.jpg,118,104,hand,428,217,546,321
frame_0213.jpg,181,38,hand,238,680,419,718
frame_0213.jpg,167,95,hand,544,205,711,300
frame_0213.jpg,111,102,hand,428,205,539,307
frame_0228.jpg,219,82,hand,192,636,411,718
frame_0228.jpg,175,95,hand,536,217,711,312
frame_0228.jpg,109,99,hand,427,219,536,318
frame_0258.jpg,228,240,hand,245,431,473,671
frame_0258.jpg,160,108,hand,482,272,642,380
frame_0258.jpg,100,105,hand,344,287,444,392
frame_0277.jpg,145,85,hand,613,299,758,384
frame_0277.jpg,111,79,hand,494,296,605,375
frame_0278.jpg,138,85,hand,617,293,755,378
frame_0278.jpg,108,87,hand,498,295,606,382
frame_0292.jpg,128,53,hand,254,665,382,718
frame_0292.jpg,134,82,hand,618,272,752,354
frame_0292.jpg,108,110,hand,496,256,604,366
frame_0326.jpg,259,308,hand,272,376,531,684
frame_0326.jpg,234,308,hand,589,406,823,714
frame_0326.jpg,153,28,hand,634,0,787,28
frame_0326.jpg,81,25,hand,511,3,592,28
frame_0332.jpg,213,346,hand,286,325,499,671
frame_0332.jpg,243,324,hand,555,386,798,710
frame_0349.jpg,229,332,hand,189,370,418,702
frame_0349.jpg,237,319,hand,610,399,847,718
frame_0349.jpg,167,42,hand,604,2,771,44
frame_0349.jpg,122,44,hand,498,3,620,47
frame_0386.jpg,206,277,hand,176,375,382,652
frame_0386.jpg,158,104,hand,496,225,654,329
frame_0386.jpg,125,87,hand,361,234,486,321
frame_0396.jpg,195,277,hand,265,440,460,717
frame_0396.jpg,189,105,hand,461,241,650,346
frame_0396.jpg,120,109,hand,346,250,466,359
frame_0443.jpg,182,45,hand,242,673,424,718
frame_0443.jpg,81,33,hand,552,684,633,717
frame_0443.jpg,178,103,hand,556,214,734,317
frame_0443.jpg,122,107,hand,432,206,554,313
frame_0449.jpg,170,43,hand,253,673,423,716
frame_0449.jpg,61,50,hand,614,667,675,717
frame_0449.jpg,167,107,hand,559,221,726,328
frame_0449.jpg,127,100,hand,433,217,560,317
frame_0465.jpg,173,21,hand,315,696,488,717
frame_0465.jpg,161,95,hand,569,225,730,320
frame_0465.jpg,118,103,hand,441,210,559,313
frame_0512.jpg,151,22,hand,251,695,402,717
frame_0512.jpg,159,108,hand,521,250,680,358
frame_0512.jpg,130,111,hand,391,260,521,371
frame_0515.jpg,195,41,hand,158,673,353,714
frame_0515.jpg,158,110,hand,506,263,664,373
frame_0515.jpg,137,108,hand,362,275,499,383
frame_0532.jpg,215,239,hand,246,478,461,717
frame_0532.jpg,167,115,hand,521,275,688,390
frame_0532.jpg,136,112,hand,382,283,518,395
frame_0612.jpg,287,176,hand,181,537,468,713
frame_0612.jpg,55,39,hand,625,677,680,716
frame_0612.jpg,143,98,hand,614,222,757,320
frame_0612.jpg,124,104,hand,468,216,592,320
frame_0640.jpg,95,26,hand,345,692,440,718
frame_0640.jpg,156,99,hand,594,234,750,333
frame_0640.jpg,127,125,hand,432,226,559,351
frame_0649.jpg,82,18,hand,346,700,428,718
frame_0649.jpg,175,100,hand,580,226,755,326
frame_0649.jpg,189,175,hand,548,328,737,503
frame_0651.jpg,71,18,hand,353,700,424,718
frame_0651.jpg,169,95,hand,580,234,749,329
frame_0651.jpg,198,180,hand,535,326,733,506
frame_0681.jpg,152,101,hand,593,258,745,359
frame_0681.jpg,122,104,hand,424,241,546,345
frame_0700.jpg,140,100,hand,610,267,750,367
frame_0700.jpg,199,169,hand,530,346,729,515
frame_0750.jpg,136,107,hand,606,332,742,439
frame_0750.jpg,134,130,hand,398,394,532,524
frame_0788.jpg,177,117,hand,468,322,645,439
frame_0788.jpg,150,115,hand,340,326,490,441
frame_0800.jpg,157,120,hand,635,299,792,419
frame_0800.jpg,131,114,hand,511,299,642,413
frame_0801.jpg,132,108,hand,659,300,791,408
frame_0801.jpg,131,112,hand,510,300,641,412
frame_0821.jpg,129,149,hand,535,237,664,386
frame_0821.jpg,138,133,hand,379,243,517,376
frame_0832.jpg,144,117,hand,592,229,736,346
frame_0832.jpg,136,128,hand,437,231,573,359
frame_0863.jpg,252,155,hand,216,563,468,718
frame_0863.jpg,152,119,hand,605,263,757,382
frame_0863.jpg,141,114,hand,465,272,606,386
frame_0906.jpg,227,177,hand,208,535,435,712
frame_0906.jpg,134,116,hand,658,259,792,375
frame_0906.jpg,144,116,hand,511,258,655,374
frame_0915.jpg,199,270,hand,299,442,498,712
frame_0915.jpg,140,114,hand,593,289,733,403
frame_0915.jpg,142,121,hand,449,291,591,412
frame_0929.jpg,130,115,hand,598,280,728,395
frame_0929.jpg,144,116,hand,443,291,587,407
frame_0953.jpg,131,109,hand,610,241,741,350
frame_0953.jpg,203,163,hand,513,330,716,493
frame_0969.jpg,79,115,hand,683,235,762,350
frame_0969.jpg,148,135,hand,507,239,655,374
frame_0985.jpg,130,130,hand,637,239,767,369
frame_0985.jpg,115,107,hand,481,252,596,359
frame_1035.jpg,97,96,hand,662,278,759,374
frame_1035.jpg,201,120,hand,488,317,689,437
frame_1100.jpg,111,127,hand,656,276,767,403
frame_1100.jpg,127,135,hand,387,281,514,416
frame_1118.jpg,148,106,hand,601,274,749,380
frame_1118.jpg,157,113,hand,460,271,617,384
frame_1128.jpg,141,123,hand,597,271,738,394
frame_1128.jpg,148,126,hand,449,278,597,404
frame_1129.jpg,140,120,hand,594,275,734,395
frame_1129.jpg,151,120,hand,451,279,602,399
frame_1183.jpg,154,128,hand,514,328,668,456
frame_1183.jpg,136,123,hand,390,351,526,474
frame_1278.jpg,287,166,hand,133,551,420,717
frame_1278.jpg,116,164,hand,370,313,486,477
frame_1278.jpg,154,128,hand,187,361,341,489
frame_1382.jpg,131,127,hand,622,305,753,432
frame_1382.jpg,134,119,hand,472,308,606,427
frame_1464.jpg,87,20,hand,200,698,287,718
frame_1464.jpg,140,112,hand,571,337,711,449
frame_1464.jpg,133,116,hand,418,328,551,444
frame_1484.jpg,140,107,hand,597,334,737,441
frame_1484.jpg,221,201,hand,461,425,682,626
frame_1501.jpg,121,112,hand,624,346,745,458
frame_1501.jpg,149,132,hand,361,350,510,482
frame_1503.jpg,125,125,hand,621,337,746,462
frame_1503.jpg,133,123,hand,356,341,489,464
frame_1509.jpg,128,122,hand,621,353,749,475
frame_1509.jpg,124,127,hand,335,301,459,428
frame_1520.jpg,126,115,hand,600,357,726,472
frame_1520.jpg,133,133,hand,357,342,490,475
frame_1522.jpg,127,130,hand,606,355,733,485
frame_1522.jpg,129,152,hand,331,376,460,528
frame_1543.jpg,143,102,hand,561,304,704,406
frame_1543.jpg,115,109,hand,410,304,525,413
frame_1553.jpg,151,109,hand,544,300,695,409
frame_1553.jpg,145,112,hand,389,309,534,421
frame_1608.jpg,204,153,hand,288,564,492,717
frame_1608.jpg,172,108,hand,564,373,736,481
frame_1608.jpg,133,95,hand,418,375,551,470
frame_1618.jpg,174,104,hand,610,336,784,440
frame_1618.jpg,120,114,hand,464,328,584,442
frame_1695.jpg,296,315,hand,234,382,530,697
frame_1695.jpg,236,283,hand,564,433,800,716
frame_1695.jpg,170,99,hand,601,6,771,105
frame_1695.jpg,118,116,hand,461,2,579,118
frame_1793.jpg,295,197,hand,232,519,527,716
frame_1793.jpg,159,53,hand,600,665,759,718
frame_1793.jpg,168,115,hand,378,280,546,395
frame_1793.jpg,140,116,hand,237,299,377,415
frame_1818.jpg,244,160,hand,278,556,522,716
frame_1818.jpg,194,128,hand,441,308,635,436
frame_1818.jpg,141,114,hand,315,330,456,444
frame_1821.jpg,245,136,hand,282,580,527,716
frame_1821.jpg,197,123,hand,453,312,650,435
frame_1821.jpg,140,114,hand,325,332,465,446
frame_1861.jpg,174,118,hand,620,334,794,452
frame_1861.jpg,107,154,hand,465,299,572,453
frame_1945.jpg,264,289,hand,323,415,587,704
frame_1945.jpg,256,258,hand,594,456,850,714
frame_1945.jpg,158,111,hand,650,8,808,119
frame_1945.jpg,186,142,hand,439,15,625,157
frame_1966.jpg,325,274,hand,250,442,575,716
frame_1966.jpg,272,233,hand,564,483,836,716
frame_1966.jpg,153,72,hand,650,4,803,76
frame_1966.jpg,62,19,hand,390,0,452,19
frame_2020.jpg,161,113,hand,567,258,728,371
frame_2020.jpg,127,120,hand,423,264,550,384
frame_2042.jpg,169,107,hand,556,283,725,390
frame_2042.jpg,137,107,hand,414,304,551,411
frame_2084.jpg,167,115,hand,493,371,660,486
frame_2084.jpg,136,111,hand,341,403,477,514
frame_2099.jpg,188,130,hand,183,586,371,716
frame_2099.jpg,156,117,hand,503,402,659,519
frame_2099.jpg,131,92,hand,354,432,485,524
frame_2112.jpg,185,83,hand,212,635,397,718
frame_2112.jpg,173,122,hand,485,369,658,491
frame_2112.jpg,130,105,hand,348,403,478,508
frame_2117.jpg,163,120,hand,497,374,660,494
frame_2117.jpg,140,96,hand,340,420,480,516
frame_2143.jpg,235,113,hand,341,605,576,718
frame_2143.jpg,184,78,hand,608,640,792,718
frame_2143.jpg,165,99,hand,612,165,777,264
frame_2143.jpg,144,117,hand,447,157,591,274
frame_2145.jpg,233,116,hand,350,601,583,717
frame_2145.jpg,189,79,hand,606,638,795,717
frame_2145.jpg,184,91,hand,604,167,788,258
frame_2145.jpg,144,119,hand,437,160,581,279
frame_2167.jpg,183,59,hand,365,659,548,718
frame_2167.jpg,231,145,hand,1033,563,1264,708
frame_2167.jpg,128,110,hand,621,214,749,324
frame_2167.jpg,128,121,hand,342,134,470,255
frame_2169.jpg,170,50,hand,378,668,548,718
frame_2169.jpg,126,125,hand,618,212,744,337
frame_2169.jpg,133,107,hand,345,159,478,266
frame_2174.jpg,193,48,hand,371,669,564,717
frame_2174.jpg,136,115,hand,606,218,742,333
frame_2174.jpg,127,96,hand,403,201,530,297
frame_2241.jpg,170,108,hand,530,295,700,403
frame_2241.jpg,124,104,hand,410,309,534,413
frame_2328.jpg,153,99,hand,589,314,742,413
frame_2328.jpg,200,212,hand,497,390,697,602
frame_2378.jpg,149,95,hand,589,311,738,406
frame_2378.jpg,173,136,hand,432,334,605,470
frame_2414.jpg,145,118,hand,592,314,737,432
frame_2414.jpg,198,126,hand,453,380,651,506
frame_2433.jpg,150,101,hand,604,357,754,458
frame_2433.jpg,141,132,hand,369,450,510,582
frame_2440.jpg,163,106,hand,598,351,761,457
frame_2440.jpg,125,135,hand,308,409,433,544
frame_2461.jpg,154,112,hand,588,320,742,432
frame_2461.jpg,136,119,hand,453,322,589,441
frame_2463.jpg,145,117,hand,591,322,736,439
frame_2463.jpg,147,129,hand,451,316,598,445
frame_2478.jpg,286,145,hand,250,573,536,718
frame_2478.jpg,158,124,hand,430,340,588,464
frame_2478.jpg,136,132,hand,271,350,407,482
frame_2485.jpg,244,191,hand,220,526,464,717
frame_2485.jpg,160,117,hand,431,357,591,474
frame_2485.jpg,123,123,hand,271,378,394,501
frame_2495.jpg,162,123,hand,514,350,676,473
frame_2495.jpg,124,127,hand,387,366,511,493
frame_2506.jpg,164,112,hand,535,362,699,474
frame_2506.jpg,127,120,hand,403,379,530,499
frame_2517.jpg,151,105,hand,604,337,755,442
frame_2517.jpg,120,115,hand,476,337,596,452
frame_2622.jpg,153,112,hand,679,309,832,421
frame_2622.jpg,112,121,hand,567,296,679,417
frame_2668.jpg,117,98,hand,559,491,676,589
frame_2668.jpg,111,103,hand,423,493,534,596
frame_2670.jpg,113,95,hand,559,490,672,585
frame_2670.jpg,112,91,hand,426,498,538,589
frame_2698.jpg,97,61,hand,507,412,604,473
frame_2698.jpg,91,81,hand,414,413,505,494
frame_0026.jpg,93,68,hand,226,650,319,718
frame_0026.jpg,227,93,hand,611,625,838,718
frame_0026.jpg,138,72,hand,573,165,711,237
frame_0026.jpg,93,81,hand,425,131,518,212
frame_0049.jpg,157,155,hand,717,466,874,621
frame_0049.jpg,140,81,hand,734,294,874,375
frame_0049.jpg,99,95,hand,616,212,715,307
frame_0058.jpg,180,157,hand,734,561,914,718
frame_0058.jpg,146,98,hand,728,273,874,371
frame_0058.jpg,93,97,hand,620,212,713,309
frame_0080.jpg,152,36,hand,264,682,416,718
frame_0080.jpg,186,148,hand,586,570,772,718
frame_0080.jpg,148,83,hand,588,188,736,271
frame_0080.jpg,114,104,hand,423,101,537,205
frame_0112.jpg,197,59,hand,251,659,448,718
frame_0112.jpg,190,157,hand,618,561,808,718
frame_0112.jpg,133,67,hand,620,174,753,241
frame_0112.jpg,129,118,hand,457,89,586,207
frame_0115.jpg,153,63,hand,251,655,404,718
frame_0115.jpg,170,157,hand,628,561,798,718
frame_0115.jpg,125,72,hand,635,176,760,248
frame_0115.jpg,125,99,hand,457,89,582,188
frame_0121.jpg,203,85,hand,213,633,416,718
frame_0121.jpg,187,159,hand,611,559,798,718
frame_0121.jpg,127,80,hand,626,159,753,239
frame_0121.jpg,121,110,hand,461,76,582,186
frame_0180.jpg,53,38,hand,226,681,279,719
frame_0180.jpg,153,131,hand,605,588,758,719
frame_0180.jpg,137,82,hand,597,195,734,277
frame_0180.jpg,140,125,hand,433,91,573,216
frame_0223.jpg,94,61,hand,183,658,277,719
frame_0223.jpg,165,116,hand,599,603,764,719
frame_0223.jpg,149,80,hand,577,196,726,276
frame_0223.jpg,80,91,hand,472,179,552,270
frame_0235.jpg,106,68,hand,200,651,306,719
frame_0235.jpg,227,116,hand,584,603,811,719
frame_0235.jpg,168,103,hand,611,158,779,261
frame_0235.jpg,95,98,hand,495,147,590,245
frame_0236.jpg,103,70,hand,205,649,308,719
frame_0236.jpg,176,116,hand,630,603,806,719
frame_0236.jpg,152,97,hand,616,158,768,255
frame_0236.jpg,91,89,hand,493,149,584,238
frame_0288.jpg,212,76,hand,213,643,425,719
frame_0288.jpg,157,102,hand,609,617,766,719
frame_0288.jpg,144,82,hand,590,194,734,276
frame_0288.jpg,123,106,hand,429,130,552,236
frame_0339.jpg,188,65,hand,224,654,412,719
frame_0339.jpg,142,102,hand,620,617,762,719
frame_0339.jpg,159,95,hand,571,177,730,272
frame_0339.jpg,123,171,hand,389,230,512,401
frame_0372.jpg,261,91,hand,147,626,408,717
frame_0372.jpg,252,161,hand,501,558,753,719
frame_0372.jpg,159,87,hand,563,141,722,228
frame_0372.jpg,151,151,hand,374,9,525,160
frame_0477.jpg,205,102,hand,194,615,399,717
frame_0477.jpg,250,197,hand,537,522,787,719
frame_0477.jpg,144,85,hand,592,153,736,238
frame_0477.jpg,129,135,hand,442,88,571,223
frame_0487.jpg,237,89,hand,198,630,435,719
frame_0487.jpg,264,191,hand,525,528,789,719
frame_0487.jpg,149,76,hand,611,179,760,255
frame_0487.jpg,121,131,hand,444,90,565,221
frame_0491.jpg,233,82,hand,209,637,442,719
frame_0491.jpg,246,188,hand,529,531,775,719
frame_0491.jpg,139,78,hand,614,179,753,257
frame_0491.jpg,132,125,hand,416,88,548,213
frame_0497.jpg,225,87,hand,198,632,423,719
frame_0497.jpg,248,180,hand,520,539,768,719
frame_0497.jpg,136,93,hand,605,166,741,259
frame_0497.jpg,123,104,hand,378,60,501,164
frame_0587.jpg,331,163,hand,183,556,514,719
frame_0587.jpg,367,280,hand,586,395,953,675
frame_0587.jpg,145,91,hand,647,103,792,194
frame_0587.jpg,96,100,hand,541,77,637,177
frame_0588.jpg,344,163,hand,181,556,525,719
frame_0588.jpg,388,289,hand,584,384,972,673
frame_0588.jpg,146,82,hand,635,107,781,189
frame_0588.jpg,97,98,hand,533,83,630,181
frame_0604.jpg,176,74,hand,230,641,406,715
frame_0604.jpg,204,229,hand,554,170,758,399
frame_0604.jpg,96,76,hand,647,149,743,225
frame_0604.jpg,108,53,hand,482,160,590,213
frame_0605.jpg,152,59,hand,241,660,393,719
frame_0605.jpg,176,214,hand,605,200,781,414
frame_0605.jpg,102,58,hand,643,155,745,213
frame_0605.jpg,138,72,hand,480,168,618,240
frame_0614.jpg,148,93,hand,249,624,397,717
frame_0614.jpg,159,197,hand,705,346,864,543
frame_0614.jpg,144,102,hand,607,153,751,255
frame_0614.jpg,104,104,hand,503,147,607,251
frame_0659.jpg,242,148,hand,141,571,383,719
frame_0659.jpg,234,188,hand,505,531,739,719
frame_0659.jpg,123,93,hand,558,126,681,219
frame_0659.jpg,130,87,hand,344,126,474,213
frame_0671.jpg,242,85,hand,111,634,353,719
frame_0671.jpg,216,165,hand,482,554,698,719
frame_0671.jpg,144,90,hand,520,155,664,245
frame_0671.jpg,106,110,hand,353,149,459,259
frame_0716.jpg,63,27,hand,279,690,342,717
frame_0716.jpg,301,135,hand,529,584,830,719
frame_0716.jpg,133,87,hand,597,181,730,268
frame_0716.jpg,93,96,hand,457,187,550,283
frame_0742.jpg,284,135,hand,215,584,499,719
frame_0742.jpg,144,144,hand,639,253,783,397
frame_0742.jpg,127,93,hand,622,139,749,232
frame_0742.jpg,114,110,hand,478,122,592,232
frame_0797.jpg,167,85,hand,207,630,374,715
frame_0797.jpg,186,123,hand,567,596,753,719
frame_0797.jpg,165,91,hand,544,145,709,236
frame_0797.jpg,161,98,hand,410,60,571,158
frame_0834.jpg,267,123,hand,130,596,397,719
frame_0834.jpg,261,167,hand,486,552,747,719
frame_0834.jpg,138,99,hand,539,105,677,204
frame_0834.jpg,136,98,hand,389,100,525,198
frame_0909.jpg,203,93,hand,205,626,408,719
frame_0909.jpg,265,154,hand,478,565,743,719
frame_0909.jpg,146,106,hand,554,136,700,242
frame_0909.jpg,113,97,hand,412,141,525,238
frame_0935.jpg,240,116,hand,181,603,421,719
frame_0935.jpg,269,163,hand,476,556,745,719
frame_0935.jpg,161,95,hand,537,139,698,234
frame_0935.jpg,114,106,hand,408,109,522,215
frame_0938.jpg,238,131,hand,181,588,419,719
frame_0938.jpg,273,154,hand,478,565,751,719
frame_0938.jpg,153,98,hand,539,134,692,232
frame_0938.jpg,129,102,hand,406,96,535,198
frame_0957.jpg,220,102,hand,190,617,410,719
frame_0957.jpg,252,146,hand,493,573,745,719
frame_0957.jpg,142,85,hand,548,143,690,228
frame_0957.jpg,161,115,hand,366,79,527,194
frame_0999.jpg,210,95,hand,185,624,395,719
frame_0999.jpg,269,140,hand,465,579,734,719
frame_0999.jpg,146,89,hand,552,141,698,230
frame_0999.jpg,127,130,hand,351,62,478,192
frame_1008.jpg,188,102,hand,188,617,376,719
frame_1008.jpg,254,138,hand,476,581,730,719
frame_1008.jpg,142,83,hand,558,136,700,219
frame_1008.jpg,127,131,hand,359,24,486,155
frame_1021.jpg,119,68,hand,200,651,319,719
frame_1021.jpg,248,112,hand,461,607,709,719
frame_1021.jpg,147,89,hand,541,164,688,253
frame_1021.jpg,120,123,hand,385,58,505,181
frame_1034.jpg,91,70,hand,228,649,319,719
frame_1034.jpg,209,106,hand,510,613,719,719
frame_1034.jpg,138,89,hand,558,170,696,259
frame_1034.jpg,117,95,hand,410,107,527,202
frame_1036.jpg,83,61,hand,234,658,317,719
frame_1036.jpg,201,104,hand,512,615,713,719
frame_1036.jpg,136,87,hand,552,172,688,259
frame_1036.jpg,116,102,hand,404,111,520,213
frame_1108.jpg,66,59,hand,374,660,440,719
frame_1108.jpg,297,220,hand,666,499,963,719
frame_1108.jpg,153,87,hand,698,240,851,327
frame_1108.jpg,112,91,hand,565,219,677,310
frame_1111.jpg,80,65,hand,366,654,446,719
frame_1111.jpg,229,209,hand,567,408,796,617
frame_1111.jpg,151,78,hand,734,245,885,323
frame_1111.jpg,103,99,hand,616,215,719,314
frame_1116.jpg,28,36,hand,429,683,457,719
frame_1116.jpg,195,170,hand,522,416,717,586
frame_1116.jpg,161,104,hand,800,255,961,359
frame_1116.jpg,104,110,hand,673,228,777,338
frame_1137.jpg,121,104,hand,196,615,317,719
frame_1137.jpg,291,288,hand,554,408,845,696
frame_1137.jpg,142,83,hand,577,219,719,302
frame_1137.jpg,110,93,hand,467,202,577,295
frame_1219.jpg,258,144,hand,194,575,452,719
frame_1219.jpg,229,159,hand,537,560,766,719
frame_1219.jpg,121,83,hand,590,149,711,232
frame_1219.jpg,132,119,hand,361,100,493,219
frame_1227.jpg,259,142,hand,183,577,442,719
frame_1227.jpg,238,159,hand,537,560,775,719
frame_1227.jpg,127,80,hand,590,143,717,223
frame_1227.jpg,165,110,hand,368,56,533,166
frame_1381.jpg,186,65,hand,260,654,446,719
frame_1381.jpg,237,161,hand,527,558,764,719
frame_1381.jpg,142,78,hand,584,183,726,261
frame_1381.jpg,116,157,hand,332,255,448,412
frame_1425.jpg,51,27,hand,308,692,359,719
frame_1425.jpg,235,121,hand,567,598,802,719
frame_1425.jpg,140,74,hand,635,232,775,306
frame_1425.jpg,102,113,hand,429,45,531,158
frame_1431.jpg,17,19,hand,412,698,429,717
frame_1431.jpg,199,108,hand,624,611,823,719
frame_1431.jpg,133,83,hand,722,255,855,338
frame_1431.jpg,117,119,hand,520,81,637,200
frame_1442.jpg,51,29,hand,353,690,404,719
frame_1442.jpg,173,131,hand,599,588,772,719
frame_1442.jpg,136,83,hand,698,236,834,319
frame_1442.jpg,140,114,hand,541,105,681,219
frame_1446.jpg,56,44,hand,310,675,366,719
frame_1446.jpg,206,159,hand,556,560,762,719
frame_1446.jpg,146,78,hand,669,236,815,314
frame_1446.jpg,122,117,hand,525,98,647,215
frame_1489.jpg,31,29,hand,226,690,257,719
frame_1489.jpg,184,172,hand,353,412,537,584
frame_1489.jpg,161,85,hand,639,208,800,293
frame_1489.jpg,121,123,hand,416,5,537,128
frame_1541.jpg,307,227,hand,158,492,465,719
frame_1541.jpg,382,299,hand,588,274,970,573
frame_1541.jpg,151,85,hand,588,79,739,164
frame_1541.jpg,117,203,hand,338,124,455,327
frame_1553.jpg,301,220,hand,194,499,495,719
frame_1553.jpg,407,282,hand,599,293,1006,575
frame_1553.jpg,146,91,hand,626,73,772,164
frame_1553.jpg,123,174,hand,363,113,486,287
frame_1575.jpg,233,112,hand,268,607,501,719
frame_1575.jpg,339,235,hand,563,480,902,715
frame_1575.jpg,146,81,hand,650,183,796,264
frame_1575.jpg,123,125,hand,416,33,539,158
frame_1627.jpg,36,36,hand,374,683,410,719
frame_1627.jpg,212,191,hand,463,448,675,639
frame_1627.jpg,146,87,hand,747,221,893,308
frame_1627.jpg,101,148,hand,508,202,609,350
frame_1664.jpg,276,324,hand,717,389,993,713
frame_1664.jpg,152,95,hand,567,266,719,361
frame_1664.jpg,133,182,hand,294,334,427,516
frame_1666.jpg,226,282,hand,724,367,950,649
frame_1666.jpg,149,83,hand,575,251,724,334
frame_1666.jpg,127,172,hand,300,310,427,482
frame_1690.jpg,227,148,hand,215,571,442,719
frame_1690.jpg,260,216,hand,546,503,806,719
frame_1690.jpg,147,85,hand,577,111,724,196
frame_1690.jpg,78,57,hand,366,7,444,64
frame_1693.jpg,192,112,hand,207,607,399,719
frame_1693.jpg,267,176,hand,522,543,789,719
frame_1693.jpg,153,85,hand,573,130,726,215
frame_1693.jpg,98,83,hand,357,5,455,88
frame_1728.jpg,168,36,hand,253,683,421,719
frame_1728.jpg,140,95,hand,594,624,734,719
frame_1728.jpg,146,79,hand,565,189,711,268
frame_1728.jpg,161,118,hand,385,107,546,225
frame_1783.jpg,81,40,hand,251,675,332,715
frame_1783.jpg,152,91,hand,582,626,734,717
frame_1783.jpg,129,70,hand,584,203,713,273
frame_1783.jpg,129,125,hand,391,187,520,312
frame_1788.jpg,84,47,hand,224,670,308,717
frame_1788.jpg,146,97,hand,569,622,715,719
frame_1788.jpg,132,83,hand,577,189,709,272
frame_1788.jpg,136,104,hand,378,117,514,221
frame_1826.jpg,308,161,hand,164,558,472,719
frame_1826.jpg,272,205,hand,520,514,792,719
frame_1826.jpg,154,91,hand,565,69,719,160
frame_1826.jpg,165,121,hand,404,3,569,124
frame_1836.jpg,84,59,hand,349,658,433,717
frame_1836.jpg,254,214,hand,597,505,851,719
frame_1836.jpg,148,80,hand,728,232,876,312
frame_1836.jpg,148,131,hand,584,128,732,259
frame_1846.jpg,212,174,hand,499,452,711,626
frame_1846.jpg,135,89,hand,762,285,897,374
frame_1846.jpg,148,144,hand,599,143,747,287
frame_1873.jpg,116,95,hand,173,624,289,719
frame_1873.jpg,397,272,hand,484,439,881,711
frame_1873.jpg,128,85,hand,522,168,650,253
frame_1873.jpg,118,112,hand,279,3,397,115
frame_1901.jpg,89,53,hand,268,666,357,719
frame_1901.jpg,212,104,hand,567,615,779,719
frame_1901.jpg,114,72,hand,620,221,734,293
frame_1901.jpg,149,121,hand,416,181,565,302
frame_1942.jpg,146,87,hand,516,177,662,264
frame_1942.jpg,125,106,hand,372,151,497,257
frame_1952.jpg,106,55,hand,179,664,285,719
frame_1952.jpg,112,38,hand,620,681,732,719
frame_1952.jpg,163,110,hand,567,90,730,200
frame_1952.jpg,145,112,hand,399,73,544,185
frame_1959.jpg,93,46,hand,162,673,255,719
frame_1959.jpg,72,29,hand,620,690,692,719
frame_1959.jpg,153,110,hand,556,73,709,183
frame_1959.jpg,159,121,hand,380,58,539,179
frame_1960.jpg,146,116,hand,563,90,709,206
frame_1960.jpg,150,131,hand,383,73,533,204
frame_1969.jpg,161,98,hand,573,149,734,247
frame_1969.jpg,149,114,hand,414,143,563,257
frame_1982.jpg,275,127,hand,124,592,399,719
frame_1982.jpg,185,127,hand,594,592,779,719
frame_1982.jpg,148,93,hand,550,77,698,170
frame_1982.jpg,153,109,hand,380,66,533,175
frame_2013.jpg,222,218,hand,614,482,836,700
frame_2013.jpg,144,96,hand,783,278,927,374
frame_2013.jpg,136,102,hand,645,221,781,323
frame_2026.jpg,59,34,hand,429,681,488,715
frame_2026.jpg,237,148,hand,510,465,747,613
frame_2026.jpg,137,68,hand,811,274,948,342
frame_2026.jpg,135,98,hand,671,204,806,302
frame_2070.jpg,314,163,hand,452,554,766,717
frame_2070.jpg,137,83,hand,599,223,736,306
frame_2070.jpg,128,100,hand,416,147,544,247
frame_2081.jpg,352,161,hand,393,558,745,719
frame_2081.jpg,151,93,hand,577,179,728,272
frame_2081.jpg,156,117,hand,419,111,575,228
frame_2113.jpg,329,197,hand,130,522,459,719
frame_2113.jpg,453,314,hand,582,359,1035,673
frame_2113.jpg,167,93,hand,582,33,749,126
frame_2113.jpg,146,63,hand,421,1,567,64
frame_2116.jpg,352,188,hand,130,531,482,719
frame_2116.jpg,405,318,hand,588,344,993,662
frame_2116.jpg,165,102,hand,588,28,753,130
frame_2116.jpg,163,57,hand,414,5,577,62
frame_2161.jpg,127,112,hand,198,607,325,719
frame_2161.jpg,140,204,hand,681,312,821,516
frame_2161.jpg,161,95,hand,586,126,747,221
frame_2161.jpg,172,138,hand,410,26,582,164
frame_2165.jpg,113,82,hand,202,637,315,719
frame_2165.jpg,176,231,hand,700,389,876,620
frame_2165.jpg,169,85,hand,563,162,732,247
frame_2165.jpg,157,138,hand,399,54,556,192
frame_2172.jpg,286,114,hand,179,605,465,719
frame_2172.jpg,239,167,hand,533,552,772,719
frame_2172.jpg,159,93,hand,544,145,703,238
frame_2172.jpg,157,142,hand,378,47,535,189
frame_2195.jpg,123,110,hand,185,609,308,719
frame_2195.jpg,346,207,hand,469,512,815,719
frame_2195.jpg,163,80,hand,548,105,711,185
frame_2195.jpg,163,119,hand,383,22,546,141
frame_2272.jpg,94,38,hand,575,681,669,719
frame_2272.jpg,148,87,hand,565,200,713,287
frame_2272.jpg,146,132,hand,374,98,520,230
frame_2276.jpg,92,40,hand,577,679,669,719
frame_2276.jpg,155,76,hand,554,200,709,276
frame_2276.jpg,152,125,hand,368,94,520,219
frame_2390.jpg,41,17,hand,238,702,279,719
frame_2390.jpg,236,106,hand,558,613,794,719
frame_2390.jpg,134,87,hand,577,162,711,249
frame_2390.jpg,178,117,hand,353,75,531,192
frame_2393.jpg,38,17,hand,243,702,281,719
frame_2393.jpg,244,121,hand,554,598,798,719
frame_2393.jpg,148,85,hand,565,168,713,253
frame_2393.jpg,151,116,hand,380,92,531,208
frame_2427.jpg,204,68,hand,592,651,796,719
frame_2427.jpg,169,89,hand,548,177,717,266
frame_2427.jpg,121,195,hand,404,228,525,423
frame_2458.jpg,265,182,hand,399,537,664,719
frame_2458.jpg,182,96,hand,533,155,715,251
frame_2458.jpg,134,139,hand,380,247,514,386
frame_2490.jpg,119,78,hand,211,639,330,717
frame_2490.jpg,303,276,hand,641,437,944,713
frame_2490.jpg,154,91,hand,565,177,719,268
frame_2490.jpg,112,102,hand,423,181,535,283
frame_2496.jpg,299,157,hand,143,562,442,719
frame_2496.jpg,358,282,hand,620,331,978,613
frame_2496.jpg,166,87,hand,537,117,703,204
frame_2496.jpg,112,99,hand,419,122,531,221
frame_2536.jpg,147,89,hand,221,630,368,719
frame_2536.jpg,243,276,hand,561,208,804,484
frame_2536.jpg,155,89,hand,588,122,743,211
frame_2536.jpg,102,87,hand,469,124,571,211
frame_2537.jpg,129,72,hand,226,643,355,715
frame_2537.jpg,225,250,hand,556,211,781,461
frame_2537.jpg,150,74,hand,597,139,747,213
frame_2537.jpg,110,65,hand,457,143,567,208
frame_2553.jpg,152,99,hand,194,620,346,719
frame_2553.jpg,218,154,hand,499,321,717,475
frame_2553.jpg,163,100,hand,609,115,772,215
frame_2553.jpg,123,117,hand,463,83,586,200
frame_2584.jpg,380,260,hand,26,459,406,719
frame_2584.jpg,382,333,hand,539,348,921,681
frame_2584.jpg,157,96,hand,571,30,728,126
frame_2584.jpg,138,51,hand,414,3,552,54
frame_2622.jpg,217,80,hand,221,639,438,719
frame_2622.jpg,189,123,hand,497,596,686,719
frame_2622.jpg,150,80,hand,548,232,698,312
frame_2622.jpg,142,97,hand,380,164,522,261
frame_2657.jpg,250,85,hand,194,634,444,719
frame_2657.jpg,231,121,hand,508,598,739,719
frame_2657.jpg,131,89,hand,588,181,719,270
frame_2657.jpg,129,99,hand,370,107,499,206
frame_2662.jpg,118,70,hand,192,647,310,717
frame_2662.jpg,146,114,hand,580,605,726,719
frame_2662.jpg,152,93,hand,567,183,719,276
frame_2662.jpg,129,98,hand,366,187,495,285
frame_2668.jpg,106,61,hand,181,658,287,719
frame_2668.jpg,146,108,hand,569,609,715,717
frame_2668.jpg,138,87,hand,569,183,707,270
frame_2668.jpg,130,127,hand,346,219,476,346
frame_2670.jpg,112,59,hand,173,660,285,719
frame_2670.jpg,127,108,hand,571,611,698,719
frame_2670.jpg,144,79,hand,565,189,709,268
frame_2670.jpg,128,97,hand,344,198,472,295
frame_2689.jpg,65,32,hand,171,683,236,715
frame_2689.jpg,144,68,hand,556,651,700,719
frame_2689.jpg,131,100,hand,565,164,696,264
frame_2689.jpg,152,118,hand,368,124,520,242
frame_0003.jpg,140,106,hand,664,391,804,497
frame_0003.jpg,127,98,hand,518,403,645,501
frame_0094.jpg,144,98,hand,629,351,773,449
frame_0094.jpg,148,95,hand,424,355,572,450
frame_0099.jpg,281,140,hand,786,578,1067,718
frame_0099.jpg,136,108,hand,633,341,769,449
frame_0099.jpg,149,101,hand,415,347,564,448
frame_0107.jpg,311,148,hand,792,569,1103,717
frame_0107.jpg,139,106,hand,651,346,790,452
frame_0107.jpg,151,98,hand,430,351,581,449
frame_0108.jpg,313,158,hand,791,560,1104,718
frame_0108.jpg,144,106,hand,647,347,791,453
frame_0108.jpg,158,92,hand,431,347,589,439
frame_0150.jpg,132,111,hand,641,321,773,432
frame_0150.jpg,199,165,hand,518,338,717,503
frame_0197.jpg,335,234,hand,576,475,911,709
frame_0197.jpg,149,104,hand,724,344,873,448
frame_0197.jpg,135,97,hand,580,326,715,423
frame_0228.jpg,345,211,hand,664,507,1009,718
frame_0228.jpg,143,112,hand,821,358,964,470
frame_0228.jpg,146,101,hand,671,334,817,435
frame_0259.jpg,94,110,hand,713,314,807,424
frame_0259.jpg,177,151,hand,571,305,748,456
frame_0262.jpg,88,114,hand,716,314,804,428
frame_0262.jpg,184,159,hand,552,281,736,440
frame_0313.jpg,260,115,hand,787,601,1047,716
frame_0313.jpg,129,106,hand,637,329,766,435
frame_0313.jpg,149,97,hand,494,332,643,429
frame_0373.jpg,152,185,hand,726,321,878,506
frame_0373.jpg,161,100,hand,493,328,654,428
frame_0413.jpg,257,155,hand,729,563,986,718
frame_0413.jpg,149,104,hand,655,340,804,444
frame_0413.jpg,158,105,hand,498,337,656,442
frame_0429.jpg,148,107,hand,671,357,819,464
frame_0429.jpg,158,108,hand,510,349,668,457
frame_0446.jpg,145,106,hand,647,366,792,472
frame_0446.jpg,159,107,hand,482,330,641,437
frame_0556.jpg,153,107,hand,707,354,860,461
frame_0556.jpg,148,104,hand,552,349,700,453
frame_0559.jpg,155,105,hand,750,353,905,458
frame_0559.jpg,147,99,hand,601,346,748,445
frame_0566.jpg,151,106,hand,761,354,912,460
frame_0566.jpg,148,103,hand,605,349,753,452
frame_0630.jpg,149,105,hand,728,332,877,437
frame_0630.jpg,174,205,hand,464,322,638,527
frame_0663.jpg,145,107,hand,719,351,864,458
frame_0663.jpg,157,108,hand,573,332,730,440
frame_0678.jpg,142,107,hand,715,334,857,441
frame_0678.jpg,163,107,hand,565,318,728,425
frame_0679.jpg,152,106,hand,716,336,868,442
frame_0679.jpg,159,110,hand,571,318,730,428
frame_0692.jpg,158,111,hand,766,330,924,441
frame_0692.jpg,162,110,hand,621,311,783,421
frame_0704.jpg,149,107,hand,782,330,931,437
frame_0704.jpg,165,108,hand,629,313,794,421
frame_0753.jpg,142,108,hand,708,309,850,417
frame_0753.jpg,157,111,hand,526,248,683,359
frame_0774.jpg,146,107,hand,730,314,876,421
frame_0774.jpg,178,180,hand,416,284,594,464
frame_0776.jpg,146,110,hand,737,305,883,415
frame_0776.jpg,170,188,hand,426,287,596,475
frame_0803.jpg,146,103,hand,744,314,890,417
frame_0803.jpg,160,113,hand,610,278,770,391
frame_0807.jpg,177,70,hand,278,648,455,718
frame_0807.jpg,151,104,hand,740,313,891,417
frame_0807.jpg,157,115,hand,609,283,766,398
frame_0813.jpg,224,74,hand,253,644,477,718
frame_0813.jpg,153,103,hand,736,314,889,417
frame_0813.jpg,163,110,hand,591,296,754,406
frame_0939.jpg,129,106,hand,721,379,850,485
frame_0939.jpg,169,98,hand,526,371,695,469
frame_0975.jpg,337,240,hand,525,474,862,714
frame_0975.jpg,147,113,hand,787,341,934,454
frame_0975.jpg,171,104,hand,594,336,765,440
frame_0977.jpg,291,211,hand,513,445,804,656
frame_0977.jpg,147,108,hand,788,342,935,450
frame_0977.jpg,176,106,hand,602,333,778,439
frame_1017.jpg,291,183,hand,686,428,977,611
frame_1017.jpg,133,96,hand,699,332,832,428
frame_1017.jpg,169,103,hand,509,320,678,423
frame_1035.jpg,397,263,hand,748,388,1145,651
frame_1035.jpg,136,100,hand,674,325,810,425
frame_1035.jpg,171,103,hand,484,318,655,421
frame_1038.jpg,260,80,hand,771,638,1031,718
frame_1038.jpg,139,108,hand,680,341,819,449
frame_1038.jpg,170,104,hand,485,328,655,432
frame_1039.jpg,137,106,hand,682,346,819,452
frame_1039.jpg,170,106,hand,489,330,659,436
frame_1077.jpg,148,107,hand,668,314,816,421
frame_1077.jpg,162,103,hand,493,312,655,415
frame_1082.jpg,141,111,hand,678,313,819,424
frame_1082.jpg,187,110,hand,456,223,643,333
frame_1091.jpg,147,111,hand,674,309,821,420
frame_1091.jpg,222,182,hand,431,264,653,446
frame_1110.jpg,151,100,hand,668,316,819,416
frame_1110.jpg,201,195,hand,482,312,683,507
frame_1138.jpg,144,108,hand,658,316,802,424
frame_1138.jpg,151,117,hand,507,139,658,256
frame_1243.jpg,300,186,hand,682,400,982,586
frame_1243.jpg,143,103,hand,746,332,889,435
frame_1243.jpg,175,109,hand,528,308,703,417
frame_1274.jpg,131,107,hand,700,300,831,407
frame_1274.jpg,169,107,hand,472,321,641,428
frame_1275.jpg,134,109,hand,697,300,831,409
frame_1275.jpg,165,106,hand,473,321,638,427
frame_1286.jpg,132,115,hand,693,256,825,371
frame_1286.jpg,165,105,hand,473,311,638,416
frame_1330.jpg,158,153,hand,704,332,862,485
frame_1330.jpg,173,106,hand,486,309,659,415
frame_1350.jpg,149,102,hand,647,329,796,431
frame_1350.jpg,153,104,hand,485,328,638,432
frame_1361.jpg,151,108,hand,672,325,823,433
frame_1361.jpg,149,104,hand,511,324,660,428
frame_1362.jpg,155,107,hand,678,325,833,432
frame_1362.jpg,152,111,hand,515,324,667,435
frame_1398.jpg,161,105,hand,730,316,891,421
frame_1398.jpg,156,103,hand,565,312,721,415
frame_1434.jpg,356,225,hand,683,437,1039,662
frame_1434.jpg,147,114,hand,693,305,840,419
frame_1434.jpg,159,100,hand,523,307,682,407
frame_1475.jpg,358,214,hand,758,504,1116,718
frame_1475.jpg,149,96,hand,630,307,779,403
frame_1475.jpg,163,98,hand,459,297,622,395
frame_1539.jpg,142,102,hand,625,313,767,415
frame_1539.jpg,165,101,hand,457,308,622,409
frame_1567.jpg,148,107,hand,638,316,786,423
frame_1567.jpg,153,104,hand,481,316,634,420
frame_1571.jpg,152,109,hand,639,311,791,420
frame_1571.jpg,160,107,hand,469,313,629,420
frame_1626.jpg,141,104,hand,682,325,823,429
frame_1626.jpg,161,108,hand,521,308,682,416
frame_1648.jpg,321,181,hand,799,537,1120,718
frame_1648.jpg,144,113,hand,700,329,844,442
frame_1648.jpg,160,112,hand,539,316,699,428
frame_1661.jpg,256,169,hand,713,424,969,593
frame_1661.jpg,150,109,hand,724,322,874,431
frame_1661.jpg,169,112,hand,565,312,734,424
frame_1671.jpg,294,179,hand,773,357,1067,536
frame_1671.jpg,137,85,hand,737,322,874,407
frame_1671.jpg,172,113,hand,568,304,740,417
frame_1710.jpg,228,70,hand,864,647,1092,717
frame_1710.jpg,143,101,hand,680,307,823,408
frame_1710.jpg,162,116,hand,510,295,672,411
frame_1715.jpg,231,72,hand,868,646,1099,718
frame_1715.jpg,145,113,hand,678,304,823,417
frame_1715.jpg,176,107,hand,494,292,670,399
frame_1741.jpg,231,181,hand,716,441,947,622
frame_1741.jpg,150,110,hand,753,347,903,457
frame_1741.jpg,177,115,hand,560,333,737,448
frame_1756.jpg,382,258,hand,802,458,1184,716
frame_1756.jpg,148,112,hand,721,390,869,502
frame_1756.jpg,189,109,hand,523,382,712,491
frame_1770.jpg,144,116,hand,675,387,819,503
frame_1770.jpg,169,112,hand,494,386,663,498
frame_1796.jpg,148,114,hand,721,363,869,477
frame_1796.jpg,185,113,hand,490,250,675,363
frame_1812.jpg,147,118,hand,684,355,831,473
frame_1812.jpg,212,182,hand,540,378,752,560
frame_1852.jpg,114,130,hand,733,330,847,460
frame_1852.jpg,168,128,hand,591,312,759,440
frame_1895.jpg,144,106,hand,671,354,815,460
frame_1895.jpg,164,105,hand,515,349,679,454
frame_1900.jpg,153,105,hand,664,359,817,464
frame_1900.jpg,156,109,hand,507,355,663,464
frame_1957.jpg,171,145,hand,765,370,936,515
frame_1957.jpg,170,107,hand,589,349,759,456
frame_1967.jpg,277,228,hand,853,344,1130,572
frame_1967.jpg,133,115,hand,728,351,861,466
frame_1967.jpg,172,106,hand,556,336,728,442
frame_2007.jpg,159,106,hand,674,350,833,456
frame_2007.jpg,163,96,hand,497,106,660,202
frame_2025.jpg,150,101,hand,679,357,829,458
frame_2025.jpg,179,103,hand,455,357,634,460
frame_2044.jpg,162,115,hand,670,347,832,462
frame_2044.jpg,175,107,hand,452,353,627,460
frame_2074.jpg,153,111,hand,708,342,861,453
frame_2074.jpg,161,175,hand,292,295,453,470
frame_2189.jpg,156,111,hand,787,395,943,506
frame_2189.jpg,156,97,hand,618,357,774,454
frame_2230.jpg,143,100,hand,684,350,827,450
frame_2230.jpg,198,141,hand,448,247,646,388
frame_2317.jpg,147,112,hand,680,337,827,449
frame_2317.jpg,128,133,hand,299,266,427,399
frame_2324.jpg,144,113,hand,676,344,820,457
frame_2324.jpg,157,111,hand,522,329,679,440
frame_2330.jpg,139,105,hand,676,353,815,458
frame_2330.jpg,162,102,hand,513,340,675,442
frame_2364.jpg,178,34,hand,882,684,1060,718
frame_2364.jpg,128,115,hand,674,320,802,435
frame_2364.jpg,155,105,hand,513,299,668,404
frame_2386.jpg,172,33,hand,915,685,1087,718
frame_2386.jpg,142,119,hand,701,312,843,431
frame_2386.jpg,152,123,hand,544,276,696,399
frame_2393.jpg,182,26,hand,928,692,1110,718
frame_2393.jpg,138,113,hand,715,314,853,427
frame_2393.jpg,156,123,hand,552,280,708,403
frame_2395.jpg,160,30,hand,936,688,1096,718
frame_2395.jpg,139,113,hand,719,312,858,425
frame_2395.jpg,154,123,hand,563,279,717,402
frame_2397.jpg,153,31,hand,942,687,1095,718
frame_2397.jpg,145,114,hand,720,317,865,431
frame_2397.jpg,164,119,hand,561,284,725,403
frame_2406.jpg,145,20,hand,961,698,1106,718
frame_2406.jpg,144,115,hand,737,318,881,433
frame_2406.jpg,174,107,hand,572,293,746,400
frame_2452.jpg,241,176,hand,679,441,920,617
frame_2452.jpg,153,120,hand,856,375,1009,495
frame_2452.jpg,179,118,hand,695,330,874,448
frame_2481.jpg,139,110,hand,686,342,825,452
frame_2481.jpg,167,112,hand,534,316,701,428
frame_2566.jpg,146,25,hand,1050,691,1196,716
frame_2566.jpg,146,114,hand,744,332,890,446
frame_2566.jpg,189,219,hand,477,292,666,511
frame_2574.jpg,100,14,hand,1076,704,1176,718
frame_2574.jpg,156,115,hand,734,337,890,452
frame_2574.jpg,197,213,hand,477,297,674,510
frame_2589.jpg,142,13,hand,1046,705,1188,718
frame_2589.jpg,142,119,hand,741,325,883,444
frame_2589.jpg,183,209,hand,447,299,630,508
frame_2596.jpg,149,23,hand,1046,695,1195,718
frame_2596.jpg,142,117,hand,740,328,882,445
frame_2596.jpg,182,201,hand,452,318,634,519
frame_2603.jpg,158,26,hand,1046,691,1204,717
frame_2603.jpg,149,113,hand,740,324,889,437
frame_2603.jpg,165,214,hand,469,300,634,514
frame_2610.jpg,134,111,hand,753,328,887,439
frame_2610.jpg,167,228,hand,459,245,626,473
frame_2636.jpg,146,117,hand,761,333,907,450
frame_2636.jpg,179,124,hand,393,247,572,371
frame_2648.jpg,176,33,hand,1056,685,1232,718
frame_2648.jpg,147,120,hand,755,307,902,427
frame_2648.jpg,157,97,hand,613,289,770,386
frame_2662.jpg,182,42,hand,1060,676,1242,718
frame_2662.jpg,143,115,hand,740,301,883,416
frame_2662.jpg,166,111,hand,564,289,730,400
frame_2669.jpg,181,42,hand,1027,676,1208,718
frame_2669.jpg,135,98,hand,730,311,865,409
frame_2669.jpg,170,113,hand,554,291,724,404
frame_2686.jpg,405,220,hand,668,497,1073,717
frame_2686.jpg,133,104,hand,728,333,861,437
frame_2686.jpg,176,120,hand,544,307,720,427
frame_0059.jpg,158,205,hand,646,417,804,622
frame_0059.jpg,178,104,hand,688,309,866,413
frame_0059.jpg,159,103,hand,552,284,711,387
frame_0061.jpg,194,175,hand,647,398,841,573
frame_0061.jpg,190,99,hand,680,314,870,413
frame_0061.jpg,149,100,hand,567,284,716,384
frame_0172.jpg,294,217,hand,584,219,878,436
frame_0172.jpg,128,52,hand,629,202,757,254
frame_0172.jpg,135,103,hand,496,227,631,330
frame_0191.jpg,414,299,hand,748,359,1162,658
frame_0191.jpg,159,107,hand,614,251,773,358
frame_0191.jpg,148,98,hand,490,271,638,369
frame_0220.jpg,427,231,hand,769,487,1196,718
frame_0220.jpg,156,128,hand,754,251,910,379
frame_0220.jpg,168,109,hand,453,293,621,402
frame_0223.jpg,458,238,hand,767,479,1225,717
frame_0223.jpg,168,132,hand,742,288,910,420
frame_0223.jpg,164,99,hand,452,297,616,396
frame_0229.jpg,451,242,hand,791,464,1242,706
frame_0229.jpg,212,148,hand,695,305,907,453
frame_0229.jpg,173,100,hand,436,292,609,392
frame_0282.jpg,327,248,hand,654,469,981,717
frame_0282.jpg,130,130,hand,610,4,740,134
frame_0282.jpg,171,103,hand,453,292,624,395
frame_0302.jpg,324,246,hand,691,293,1015,539
frame_0302.jpg,83,53,hand,717,3,800,56
frame_0302.jpg,171,91,hand,497,221,668,312
frame_0321.jpg,262,169,hand,530,276,792,445
frame_0321.jpg,81,39,hand,631,2,712,41
frame_0321.jpg,166,99,hand,423,205,589,304
frame_0410.jpg,133,125,hand,546,196,679,321
frame_0410.jpg,178,198,hand,378,208,556,406
frame_0434.jpg,130,129,hand,563,221,693,350
frame_0434.jpg,161,162,hand,389,197,550,359
frame_0446.jpg,174,84,hand,539,254,713,338
frame_0446.jpg,171,123,hand,613,0,784,123
frame_0462.jpg,116,20,hand,493,697,609,717
frame_0462.jpg,277,219,hand,418,299,695,518
frame_0462.jpg,165,87,hand,521,212,686,299
frame_0462.jpg,129,80,hand,597,4,726,84
frame_0483.jpg,239,213,hand,456,357,695,570
frame_0483.jpg,182,88,hand,518,256,700,344
frame_0483.jpg,172,144,hand,605,0,777,144
frame_0490.jpg,249,199,hand,528,308,777,507
frame_0490.jpg,185,72,hand,510,285,695,357
frame_0490.jpg,183,142,hand,601,25,784,167
frame_0508.jpg,236,192,hand,585,409,821,601
frame_0508.jpg,181,85,hand,514,330,695,415
frame_0508.jpg,168,145,hand,606,73,774,218
frame_0574.jpg,151,91,hand,486,283,637,374
frame_0574.jpg,154,148,hand,332,238,486,386
frame_0577.jpg,168,88,hand,477,285,645,373
frame_0577.jpg,151,147,hand,331,241,482,388
frame_0579.jpg,159,90,hand,478,285,637,375
frame_0579.jpg,144,140,hand,332,248,476,388
frame_0589.jpg,181,91,hand,482,284,663,375
frame_0589.jpg,156,162,hand,280,229,436,391
frame_0593.jpg,169,94,hand,497,280,666,374
frame_0593.jpg,154,180,hand,282,252,436,432
frame_0599.jpg,122,22,hand,732,695,854,717
frame_0599.jpg,167,86,hand,505,271,672,357
frame_0599.jpg,158,161,hand,291,208,449,369
frame_0611.jpg,169,88,hand,466,285,635,373
frame_0611.jpg,136,156,hand,538,0,674,156
frame_0657.jpg,231,177,hand,717,379,948,556
frame_0657.jpg,173,81,hand,476,292,649,373
frame_0657.jpg,142,175,hand,587,25,729,200
frame_0671.jpg,281,203,hand,703,304,984,507
frame_0671.jpg,174,86,hand,481,272,655,358
frame_0671.jpg,133,171,hand,579,0,712,171
frame_0718.jpg,167,93,hand,472,297,639,390
frame_0718.jpg,169,184,hand,225,72,394,256
frame_0741.jpg,165,36,hand,674,681,839,717
frame_0741.jpg,170,83,hand,489,278,659,361
frame_0741.jpg,163,96,hand,464,209,627,305
frame_0787.jpg,169,83,hand,445,392,614,475
frame_0787.jpg,178,112,hand,463,209,641,321
frame_0804.jpg,140,33,hand,612,684,752,717
frame_0804.jpg,165,78,hand,456,342,621,420
frame_0804.jpg,172,128,hand,437,209,609,337
frame_0890.jpg,256,220,hand,480,378,736,598
frame_0890.jpg,176,76,hand,577,318,753,394
frame_0890.jpg,164,128,hand,709,57,873,185
frame_0905.jpg,199,200,hand,493,487,692,687
frame_0905.jpg,181,92,hand,622,325,803,417
frame_0905.jpg,203,115,hand,766,197,969,312
frame_0924.jpg,232,223,hand,290,413,522,636
frame_0924.jpg,162,83,hand,443,321,605,404
frame_0924.jpg,160,157,hand,576,274,736,431
frame_0956.jpg,165,176,hand,349,417,514,593
frame_0956.jpg,177,84,hand,493,324,670,408
frame_0956.jpg,154,133,hand,656,148,810,281
frame_1013.jpg,202,24,hand,717,692,919,716
frame_1013.jpg,177,85,hand,423,361,600,446
frame_1013.jpg,181,98,hand,506,293,687,391
frame_1027.jpg,219,54,hand,750,663,969,717
frame_1027.jpg,154,144,hand,576,155,730,299
frame_1027.jpg,127,132,hand,428,184,555,316
frame_1036.jpg,212,54,hand,711,664,923,718
frame_1036.jpg,113,125,hand,547,11,660,136
frame_1036.jpg,136,118,hand,473,227,609,345
frame_1068.jpg,234,134,hand,784,582,1018,716
frame_1068.jpg,108,86,hand,576,0,684,86
frame_1068.jpg,176,117,hand,342,0,518,117
frame_1080.jpg,218,99,hand,796,618,1014,717
frame_1080.jpg,107,114,hand,575,3,682,117
frame_1080.jpg,178,126,hand,381,78,559,204
frame_1091.jpg,218,74,hand,784,640,1002,714
frame_1091.jpg,107,155,hand,548,6,655,161
frame_1091.jpg,198,132,hand,357,142,555,274
frame_1145.jpg,230,100,hand,803,617,1033,717
frame_1145.jpg,100,102,hand,575,0,675,102
frame_1145.jpg,182,111,hand,525,200,707,311
frame_1146.jpg,230,101,hand,800,613,1030,714
frame_1146.jpg,104,90,hand,571,4,675,94
frame_1146.jpg,175,98,hand,538,231,713,329
frame_1148.jpg,241,130,hand,792,588,1033,718
frame_1148.jpg,102,78,hand,568,0,670,78
frame_1148.jpg,176,99,hand,554,225,730,324
frame_1161.jpg,212,77,hand,802,640,1014,717
frame_1161.jpg,89,133,hand,540,11,629,144
frame_1161.jpg,166,89,hand,625,303,791,392
frame_1167.jpg,285,214,hand,837,502,1122,716
frame_1167.jpg,100,143,hand,556,7,656,150
frame_1167.jpg,164,114,hand,646,276,810,390
frame_1187.jpg,244,135,hand,711,581,955,716
frame_1187.jpg,95,155,hand,568,142,663,297
frame_1187.jpg,161,88,hand,642,448,803,536
frame_1213.jpg,297,223,hand,753,338,1050,561
frame_1213.jpg,178,107,hand,488,168,666,275
frame_1213.jpg,181,110,hand,679,281,860,391
frame_1254.jpg,219,171,hand,634,419,853,590
frame_1254.jpg,166,99,hand,542,247,708,346
frame_1254.jpg,190,95,hand,728,350,918,445
frame_1256.jpg,210,174,hand,635,383,845,557
frame_1256.jpg,170,91,hand,547,241,717,332
frame_1256.jpg,162,101,hand,753,338,915,439
frame_1297.jpg,112,116,hand,451,238,563,354
frame_1297.jpg,164,133,hand,503,32,667,165
frame_1298.jpg,119,92,hand,441,259,560,351
frame_1298.jpg,165,147,hand,497,24,662,171
frame_1353.jpg,114,109,hand,474,238,588,347
frame_1353.jpg,144,115,hand,375,206,519,321
frame_1363.jpg,108,107,hand,496,235,604,342
frame_1363.jpg,151,115,hand,391,192,542,307
frame_1396.jpg,120,63,hand,457,271,577,334
frame_1396.jpg,182,121,hand,420,168,602,289
frame_1427.jpg,106,50,hand,433,338,539,388
frame_1427.jpg,210,183,hand,481,258,691,441
frame_1477.jpg,153,84,hand,430,314,583,398
frame_1477.jpg,160,135,hand,569,41,729,176
frame_1494.jpg,173,92,hand,428,320,601,412
frame_1494.jpg,154,143,hand,497,138,651,281
frame_1510.jpg,175,112,hand,635,337,810,449
frame_1510.jpg,144,109,hand,489,326,633,435
frame_1541.jpg,182,137,hand,527,361,709,498
frame_1541.jpg,157,81,hand,708,330,865,411
frame_1541.jpg,134,78,hand,519,300,653,378
frame_1580.jpg,148,145,hand,676,313,824,458
frame_1580.jpg,103,60,hand,799,314,902,374
frame_1580.jpg,158,112,hand,543,184,701,296
frame_1602.jpg,165,157,hand,729,338,894,495
frame_1602.jpg,81,36,hand,831,338,912,374
frame_1602.jpg,158,117,hand,555,225,713,342
frame_1621.jpg,183,157,hand,815,321,998,478
frame_1621.jpg,178,116,hand,638,309,816,425
frame_1621.jpg,155,120,hand,476,189,631,309
frame_1624.jpg,177,168,hand,862,395,1039,563
frame_1624.jpg,173,121,hand,656,324,829,445
frame_1624.jpg,158,116,hand,488,193,646,309
frame_1639.jpg,198,166,hand,873,383,1071,549
frame_1639.jpg,176,116,hand,664,300,840,416
frame_1639.jpg,192,177,hand,484,189,676,366
frame_1656.jpg,182,161,hand,812,445,994,606
frame_1656.jpg,152,125,hand,639,308,791,433
frame_1656.jpg,218,204,hand,419,252,637,456
frame_1702.jpg,326,244,hand,693,433,1019,677
frame_1702.jpg,141,56,hand,704,383,845,439
frame_1702.jpg,175,214,hand,518,296,693,510
frame_1712.jpg,422,237,hand,783,456,1205,693
frame_1712.jpg,158,116,hand,662,371,820,487
frame_1712.jpg,187,202,hand,476,259,663,461
frame_1733.jpg,380,354,hand,847,223,1227,577
frame_1733.jpg,171,115,hand,653,316,824,431
frame_1733.jpg,167,235,hand,464,247,631,482
frame_1765.jpg,322,212,hand,614,388,936,600
frame_1765.jpg,150,124,hand,572,299,722,423
frame_1765.jpg,196,194,hand,381,251,577,445
frame_1775.jpg,265,178,hand,754,416,1019,594
frame_1775.jpg,146,120,hand,583,278,729,398
frame_1775.jpg,199,194,hand,382,214,581,408
frame_1832.jpg,183,89,hand,906,625,1089,714
frame_1832.jpg,169,118,hand,667,369,836,487
frame_1832.jpg,159,202,hand,494,219,653,421
frame_1866.jpg,189,159,hand,683,408,872,567
frame_1866.jpg,161,99,hand,757,371,918,470
frame_1866.jpg,172,215,hand,544,173,716,388
frame_1890.jpg,264,244,hand,836,474,1100,718
frame_1890.jpg,164,103,hand,647,291,811,394
frame_1890.jpg,183,219,hand,468,194,651,413
frame_1898.jpg,213,141,hand,370,577,583,718
frame_1898.jpg,233,210,hand,804,417,1037,627
frame_1898.jpg,126,95,hand,629,188,755,283
frame_1898.jpg,194,206,hand,432,110,626,316
frame_1921.jpg,171,50,hand,361,668,532,718
frame_1921.jpg,218,200,hand,759,501,977,701
frame_1921.jpg,149,100,hand,614,258,763,358
frame_1921.jpg,208,177,hand,377,95,585,272
frame_1944.jpg,212,80,hand,821,636,1033,716
frame_1944.jpg,153,111,hand,651,342,804,453
frame_1944.jpg,154,261,hand,159,369,313,630
frame_1968.jpg,331,314,hand,721,395,1052,709
frame_1968.jpg,159,103,hand,693,354,852,457
frame_1968.jpg,183,172,hand,637,12,820,184
frame_2036.jpg,220,166,hand,608,411,828,577
frame_2036.jpg,150,130,hand,835,394,985,524
frame_2036.jpg,193,78,hand,671,370,864,448
frame_2074.jpg,359,252,hand,819,466,1178,718
frame_2074.jpg,177,115,hand,671,358,848,473
frame_2074.jpg,135,162,hand,391,146,526,308
frame_2089.jpg,219,102,hand,325,615,544,717
frame_2089.jpg,254,225,hand,744,464,998,689
frame_2089.jpg,183,97,hand,579,208,762,305
frame_2089.jpg,143,103,hand,407,201,550,304
frame_2098.jpg,197,82,hand,374,635,571,717
frame_2098.jpg,232,210,hand,774,507,1006,717
frame_2098.jpg,143,117,hand,540,194,683,311
frame_2098.jpg,131,116,hand,403,175,534,291
frame_2176.jpg,265,151,hand,852,567,1117,718
frame_2176.jpg,174,99,hand,674,280,848,379
frame_2176.jpg,139,115,hand,510,221,649,336
frame_2182.jpg,264,146,hand,861,567,1125,713
frame_2182.jpg,169,103,hand,691,279,860,382
frame_2182.jpg,119,91,hand,531,287,650,378
frame_2216.jpg,361,249,hand,662,423,1023,672
frame_2216.jpg,147,111,hand,733,314,880,425
frame_2216.jpg,124,108,hand,531,278,655,386
frame_2342.jpg,226,111,hand,436,607,662,718
frame_2342.jpg,280,274,hand,833,442,1113,716
frame_2342.jpg,187,86,hand,634,190,821,276
frame_2342.jpg,167,176,hand,286,165,453,341
frame_2345.jpg,239,101,hand,441,617,680,718
frame_2345.jpg,275,252,hand,845,457,1120,709
frame_2345.jpg,182,95,hand,642,183,824,278
frame_2345.jpg,186,181,hand,288,157,474,338
frame_2357.jpg,221,99,hand,455,619,676,718
frame_2357.jpg,266,256,hand,856,461,1122,717
frame_2357.jpg,177,93,hand,646,194,823,287
frame_2357.jpg,168,173,hand,302,134,470,307
frame_2385.jpg,233,73,hand,400,644,633,717
frame_2385.jpg,297,231,hand,804,482,1101,713
frame_2385.jpg,179,91,hand,612,216,791,307
frame_2385.jpg,143,82,hand,496,0,639,82
frame_2438.jpg,264,169,hand,800,547,1064,716
frame_2438.jpg,141,91,hand,647,279,788,370
frame_2438.jpg,198,198,hand,478,140,676,338
frame_2454.jpg,322,253,hand,820,457,1142,710
frame_2454.jpg,146,99,hand,704,314,850,413
frame_2454.jpg,153,99,hand,576,314,729,413
frame_2468.jpg,254,183,hand,418,419,672,602
frame_2468.jpg,157,114,hand,870,325,1027,439
frame_2468.jpg,122,104,hand,565,292,687,396
frame_2496.jpg,204,191,hand,540,340,744,531
frame_2496.jpg,159,130,hand,938,338,1097,468
frame_2496.jpg,130,88,hand,624,279,754,367
frame_2501.jpg,217,171,hand,465,291,682,462
frame_2501.jpg,161,128,hand,848,296,1009,424
frame_2501.jpg,138,90,hand,548,246,686,336
frame_2531.jpg,187,177,hand,390,518,577,695
frame_2531.jpg,203,178,hand,719,404,922,582
frame_2531.jpg,151,100,hand,686,192,837,292
frame_2531.jpg,122,87,hand,428,177,550,264
frame_2584.jpg,211,153,hand,315,565,526,718
frame_2584.jpg,222,219,hand,689,421,911,640
frame_2584.jpg,140,94,hand,604,165,744,259
frame_2584.jpg,126,103,hand,373,184,499,287
frame_2609.jpg,215,115,hand,316,603,531,718
frame_2609.jpg,248,277,hand,704,436,952,713
frame_2609.jpg,163,103,hand,583,163,746,266
frame_2609.jpg,132,101,hand,389,200,521,301
frame_2629.jpg,227,70,hand,320,648,547,718
frame_2629.jpg,238,234,hand,717,483,955,717
frame_2629.jpg,164,132,hand,630,181,794,313
frame_2629.jpg,120,95,hand,398,227,518,322
frame_2660.jpg,257,276,hand,781,442,1038,718
frame_2660.jpg,148,97,hand,609,307,757,404
frame_2660.jpg,127,88,hand,448,316,575,404
frame_2667.jpg,262,165,hand,736,553,998,718
frame_2667.jpg,151,96,hand,622,341,773,437
frame_2667.jpg,141,101,hand,455,336,596,437
frame_2699.jpg,315,216,hand,534,344,849,560
frame_2699.jpg,146,110,hand,671,281,817,391
frame_2699.jpg,123,105,hand,456,278,579,383
frame_0013.jpg,142,119,hand,480,97,622,216
frame_0013.jpg,156,125,hand,320,81,476,206
frame_0022.jpg,123,13,hand,342,704,465,717
frame_0022.jpg,142,119,hand,501,74,643,193
frame_0022.jpg,139,132,hand,292,0,431,132
frame_0034.jpg,151,123,hand,507,165,658,288
frame_0034.jpg,159,138,hand,313,78,472,216
frame_0085.jpg,428,217,hand,762,501,1190,718
frame_0085.jpg,162,124,hand,337,210,499,334
frame_0085.jpg,199,150,hand,142,126,341,276
frame_0087.jpg,454,225,hand,728,493,1182,718
frame_0087.jpg,156,124,hand,329,209,485,333
frame_0087.jpg,197,124,hand,143,167,340,291
frame_0093.jpg,503,198,hand,664,518,1167,716
frame_0093.jpg,154,132,hand,320,213,474,345
frame_0093.jpg,198,145,hand,117,200,315,345
frame_0106.jpg,472,199,hand,629,519,1101,718
frame_0106.jpg,151,129,hand,319,217,470,346
frame_0106.jpg,193,132,hand,105,230,298,362
frame_0143.jpg,54,93,hand,530,181,584,274
frame_0143.jpg,285,246,hand,274,74,559,320
frame_0183.jpg,161,132,hand,419,153,580,285
frame_0183.jpg,227,163,hand,81,0,308,163
frame_0237.jpg,392,210,hand,1,508,393,718
frame_0237.jpg,151,122,hand,548,157,699,279
frame_0237.jpg,215,206,hand,163,19,378,225
frame_0274.jpg,149,132,hand,501,153,650,285
frame_0274.jpg,208,194,hand,137,8,345,202
frame_0281.jpg,167,122,hand,492,156,659,278
frame_0281.jpg,219,208,hand,232,47,451,255
frame_0284.jpg,151,134,hand,498,150,649,284
frame_0284.jpg,220,219,hand,254,86,474,305
frame_0298.jpg,153,123,hand,502,153,655,276
frame_0298.jpg,236,218,hand,234,69,470,287
frame_0303.jpg,158,129,hand,505,146,663,275
frame_0303.jpg,238,248,hand,238,33,476,281
frame_0354.jpg,572,316,hand,627,402,1199,718
frame_0354.jpg,155,127,hand,472,143,627,270
frame_0354.jpg,223,153,hand,243,118,466,271
frame_0374.jpg,154,132,hand,431,114,585,246
frame_0374.jpg,227,157,hand,204,89,431,246
frame_0380.jpg,161,130,hand,435,117,596,247
frame_0380.jpg,206,140,hand,221,103,427,243
frame_0392.jpg,651,360,hand,627,354,1278,714
frame_0392.jpg,162,149,hand,419,106,581,255
frame_0392.jpg,219,145,hand,197,107,416,252
frame_0405.jpg,602,286,hand,544,431,1146,717
frame_0405.jpg,169,137,hand,386,113,555,250
frame_0405.jpg,217,140,hand,162,105,379,245
frame_0453.jpg,157,137,hand,408,111,565,248
frame_0453.jpg,261,107,hand,192,0,453,107
frame_0503.jpg,104,137,hand,465,97,569,234
frame_0503.jpg,261,292,hand,225,25,486,317
frame_0508.jpg,125,137,hand,448,102,573,239
frame_0508.jpg,247,288,hand,238,61,485,349
frame_0561.jpg,571,201,hand,551,515,1122,716
frame_0561.jpg,168,140,hand,309,93,477,233
frame_0561.jpg,238,154,hand,65,91,303,245
frame_0573.jpg,442,143,hand,581,573,1023,716
frame_0573.jpg,165,136,hand,317,91,482,227
frame_0573.jpg,235,155,hand,72,91,307,246
frame_0575.jpg,428,130,hand,591,588,1019,718
frame_0575.jpg,177,138,hand,317,91,494,229
frame_0575.jpg,214,150,hand,89,91,303,241
frame_0584.jpg,548,261,hand,650,456,1198,717
frame_0584.jpg,171,136,hand,325,94,496,230
frame_0584.jpg,215,150,hand,98,89,313,239
frame_0591.jpg,463,294,hand,686,424,1149,718
frame_0591.jpg,161,139,hand,349,91,510,230
frame_0591.jpg,220,138,hand,121,101,341,239
frame_0614.jpg,153,135,hand,457,139,610,274
frame_0614.jpg,205,144,hand,242,140,447,284
frame_0700.jpg,158,140,hand,502,44,660,184
frame_0700.jpg,227,148,hand,286,37,513,185
frame_0701.jpg,157,144,hand,503,40,660,184
frame_0701.jpg,223,144,hand,282,44,505,188
frame_0724.jpg,176,141,hand,407,68,583,209
frame_0724.jpg,223,148,hand,183,74,406,222
frame_0864.jpg,161,119,hand,527,120,688,239
frame_0864.jpg,225,150,hand,298,66,523,216
frame_0974.jpg,162,132,hand,469,105,631,237
frame_0974.jpg,245,131,hand,10,3,255,134
frame_1016.jpg,159,205,hand,437,3,596,208
frame_1016.jpg,209,188,hand,174,28,383,216
frame_1018.jpg,157,190,hand,436,39,593,229
frame_1018.jpg,206,188,hand,175,43,381,231
frame_1072.jpg,144,182,hand,560,102,704,284
frame_1072.jpg,149,186,hand,240,151,389,337
frame_1153.jpg,167,122,hand,486,140,653,262
frame_1153.jpg,145,182,hand,201,143,346,325
frame_1182.jpg,169,128,hand,480,110,649,238
frame_1182.jpg,230,286,hand,118,73,348,359
frame_1195.jpg,175,119,hand,518,118,693,237
frame_1195.jpg,210,268,hand,209,159,419,427
frame_1267.jpg,114,99,hand,463,110,577,209
frame_1267.jpg,239,284,hand,332,122,571,406
frame_1268.jpg,116,96,hand,460,110,576,206
frame_1268.jpg,236,298,hand,333,111,569,409
frame_1293.jpg,185,123,hand,427,106,612,229
frame_1293.jpg,214,149,hand,172,97,386,246
frame_1310.jpg,186,120,hand,447,97,633,217
frame_1310.jpg,224,133,hand,203,101,427,234
frame_1319.jpg,197,121,hand,448,72,645,193
frame_1319.jpg,221,143,hand,191,61,412,204
frame_1320.jpg,195,128,hand,451,57,646,185
frame_1320.jpg,229,128,hand,203,64,432,192
frame_1324.jpg,188,127,hand,453,4,641,131
frame_1324.jpg,243,131,hand,185,11,428,142
frame_1329.jpg,176,118,hand,1097,600,1273,718
frame_1329.jpg,199,55,hand,432,0,631,55
frame_1329.jpg,223,70,hand,183,0,406,70
frame_1346.jpg,621,526,hand,591,192,1212,718
frame_1410.jpg,593,385,hand,283,333,876,718
frame_1410.jpg,181,132,hand,486,0,667,132
frame_1410.jpg,224,134,hand,240,0,464,134
frame_1458.jpg,767,599,hand,485,113,1252,712
frame_1458.jpg,189,100,hand,510,24,699,124
frame_1458.jpg,230,145,hand,255,14,485,159
frame_1504.jpg,274,113,hand,1,605,275,718
frame_1504.jpg,297,75,hand,480,642,777,717
frame_1504.jpg,151,36,hand,502,0,653,36
frame_1504.jpg,206,49,hand,241,0,447,49
frame_1530.jpg,89,96,hand,519,61,608,157
frame_1530.jpg,322,262,hand,253,0,575,262
frame_1568.jpg,178,118,hand,444,142,622,260
frame_1568.jpg,248,346,hand,241,219,489,565
frame_1604.jpg,183,120,hand,492,114,675,234
frame_1604.jpg,262,342,hand,204,238,466,580
frame_1632.jpg,627,307,hand,476,411,1103,718
frame_1632.jpg,159,115,hand,490,168,649,283
frame_1632.jpg,209,306,hand,1,295,210,601
frame_1724.jpg,481,325,hand,517,235,998,560
frame_1724.jpg,175,128,hand,499,126,674,254
frame_1724.jpg,101,20,hand,94,2,195,22
frame_1733.jpg,373,292,hand,534,330,907,622
frame_1733.jpg,183,144,hand,493,124,676,268
frame_1733.jpg,144,29,hand,77,0,221,29
frame_1734.jpg,362,296,hand,531,336,893,632
frame_1734.jpg,174,112,hand,502,130,676,242
frame_1734.jpg,163,47,hand,104,0,267,47
frame_1739.jpg,390,296,hand,517,329,907,625
frame_1739.jpg,173,124,hand,505,119,678,243
frame_1739.jpg,221,172,hand,210,3,431,175
frame_1770.jpg,438,316,hand,468,359,906,675
frame_1770.jpg,177,126,hand,505,128,682,254
frame_1770.jpg,227,238,hand,151,7,378,245
frame_1865.jpg,629,387,hand,567,330,1196,717
frame_1865.jpg,169,117,hand,470,131,639,248
frame_1865.jpg,263,421,hand,313,164,576,585
frame_1904.jpg,462,280,hand,433,329,895,609
frame_1904.jpg,161,120,hand,522,150,683,270
frame_1904.jpg,181,185,hand,150,193,331,378
frame_1943.jpg,323,234,hand,956,362,1279,596
frame_1943.jpg,170,117,hand,527,147,697,264
frame_1943.jpg,181,165,hand,183,204,364,369
frame_1955.jpg,165,115,hand,490,153,655,268
frame_1955.jpg,181,165,hand,134,214,315,379
frame_1976.jpg,100,122,hand,517,86,617,208
frame_1976.jpg,252,212,hand,287,4,539,216
frame_2006.jpg,177,112,hand,468,140,645,252
frame_2006.jpg,307,156,hand,338,7,645,163
frame_2008.jpg,170,121,hand,463,131,633,252
frame_2008.jpg,289,215,hand,424,3,713,218
frame_2049.jpg,89,76,hand,492,165,581,241
frame_2049.jpg,253,316,hand,410,179,663,495
frame_2051.jpg,89,78,hand,498,167,587,245
frame_2051.jpg,261,297,hand,402,188,663,485
frame_2062.jpg,308,302,hand,333,68,641,370
frame_2071.jpg,179,117,hand,412,150,591,267
frame_2071.jpg,245,211,hand,49,11,294,222
frame_2086.jpg,186,112,hand,382,113,568,225
frame_2086.jpg,174,200,hand,5,180,179,380
frame_2112.jpg,136,17,hand,3,700,139,717
frame_2112.jpg,469,200,hand,693,518,1162,718
frame_2112.jpg,182,135,hand,439,11,621,146
frame_2112.jpg,190,203,hand,44,68,234,271
frame_2121.jpg,401,223,hand,729,494,1130,717
frame_2121.jpg,190,120,hand,288,47,478,167
frame_2121.jpg,65,172,hand,3,123,68,295
frame_2138.jpg,430,243,hand,585,475,1015,718
frame_2138.jpg,181,116,hand,313,90,494,206
frame_2138.jpg,94,192,hand,2,144,96,336
frame_2154.jpg,436,228,hand,587,489,1023,717
frame_2154.jpg,181,119,hand,373,103,554,222
frame_2154.jpg,158,195,hand,9,155,167,350
frame_2174.jpg,293,35,hand,592,683,885,718
frame_2174.jpg,173,109,hand,486,85,659,194
frame_2174.jpg,181,165,hand,118,134,299,299
frame_2189.jpg,161,112,hand,492,135,653,247
frame_2189.jpg,160,164,hand,155,177,315,341
frame_2226.jpg,322,145,hand,86,572,408,717
frame_2226.jpg,283,101,hand,598,615,881,716
frame_2226.jpg,165,90,hand,506,4,671,94
frame_2248.jpg,415,381,hand,3,336,418,717
frame_2248.jpg,357,351,hand,565,366,922,717
frame_2251.jpg,417,372,hand,1,345,418,717
frame_2251.jpg,355,350,hand,577,366,932,716
frame_2263.jpg,382,303,hand,1,413,383,716
frame_2263.jpg,335,286,hand,563,432,898,718
frame_2263.jpg,166,73,hand,671,0,837,73
frame_2315.jpg,396,292,hand,750,424,1146,716
frame_2315.jpg,181,120,hand,337,151,518,271
frame_2315.jpg,164,175,hand,7,192,171,367
frame_2370.jpg,174,122,hand,410,91,584,213
frame_2370.jpg,186,194,hand,40,114,226,308
frame_2381.jpg,161,111,hand,497,107,658,218
frame_2381.jpg,188,172,hand,143,127,331,299
frame_2482.jpg,148,91,hand,366,147,514,238
frame_2482.jpg,286,253,hand,460,73,746,326
frame_2490.jpg,142,84,hand,360,159,502,243
frame_2490.jpg,262,255,hand,474,102,736,357
frame_2491.jpg,129,73,hand,369,157,498,230
frame_2491.jpg,260,250,hand,477,103,737,353
frame_2493.jpg,115,75,hand,366,164,481,239
frame_2493.jpg,261,252,hand,480,103,741,355
frame_2499.jpg,110,74,hand,366,165,476,239
frame_2499.jpg,270,241,hand,459,103,729,344
frame_2502.jpg,172,89,hand,353,156,525,245
frame_2502.jpg,295,226,hand,393,48,688,274
frame_2519.jpg,173,123,hand,431,119,604,242
frame_2519.jpg,170,169,hand,155,118,325,287
frame_2551.jpg,127,31,hand,148,687,275,718
frame_2551.jpg,175,109,hand,580,103,755,212
frame_2551.jpg,166,168,hand,286,139,452,307
frame_2579.jpg,141,30,hand,2,680,143,710
frame_2579.jpg,158,118,hand,463,123,621,241
frame_2579.jpg,176,171,hand,143,173,319,344
frame_2622.jpg,353,190,hand,7,528,360,718
frame_2622.jpg,164,109,hand,482,130,646,239
frame_2622.jpg,166,179,hand,174,180,340,359
frame_2623.jpg,339,206,hand,5,512,344,718
frame_2623.jpg,161,106,hand,486,135,647,241
frame_2623.jpg,173,175,hand,179,183,352,358
frame_2676.jpg,161,115,hand,540,136,701,251
frame_2676.jpg,175,159,hand,255,18,430,177
frame_2683.jpg,167,107,hand,548,143,715,250
frame_2683.jpg,182,161,hand,253,0,435,161
frame_2692.jpg,170,111,hand,552,122,722,233
frame_2692.jpg,235,124,hand,255,0,490,124
frame_0000.jpg,141,115,hand,601,407,742,522
frame_0000.jpg,124,115,hand,393,392,517,507
frame_0027.jpg,141,105,hand,625,337,766,442
frame_0027.jpg,156,221,hand,304,268,460,489
frame_0053.jpg,242,166,hand,634,548,876,714
frame_0053.jpg,145,115,hand,563,318,708,433
frame_0053.jpg,153,113,hand,316,262,469,375
frame_0061.jpg,257,173,hand,604,545,861,718
frame_0061.jpg,146,117,hand,534,318,680,435
frame_0061.jpg,150,108,hand,313,296,463,404
frame_0064.jpg,264,162,hand,610,556,874,718
frame_0064.jpg,145,114,hand,547,322,692,436
frame_0064.jpg,153,121,hand,327,291,480,412
frame_0125.jpg,145,114,hand,667,272,812,386
frame_0125.jpg,148,139,hand,234,239,382,378
frame_0148.jpg,240,196,hand,477,431,717,627
frame_0148.jpg,154,123,hand,741,304,895,427
frame_0148.jpg,166,114,hand,494,260,660,374
frame_0162.jpg,219,172,hand,493,383,712,555
frame_0162.jpg,150,109,hand,774,281,924,390
frame_0162.jpg,153,118,hand,519,227,672,345
frame_0175.jpg,149,123,hand,754,301,903,424
frame_0175.jpg,163,116,hand,499,250,662,366
frame_0179.jpg,144,116,hand,730,297,874,413
frame_0179.jpg,167,108,hand,472,259,639,367
frame_0265.jpg,246,192,hand,507,330,753,522
frame_0265.jpg,149,115,hand,752,276,901,391
frame_0265.jpg,157,106,hand,610,239,767,345
frame_0304.jpg,159,123,hand,651,255,810,378
frame_0304.jpg,156,105,hand,511,250,667,355
frame_0338.jpg,153,126,hand,686,235,839,361
frame_0338.jpg,131,123,hand,346,221,477,344
frame_0354.jpg,278,94,hand,1,622,279,716
frame_0354.jpg,155,124,hand,705,237,860,361
frame_0354.jpg,160,115,hand,469,238,629,353
frame_0360.jpg,334,203,hand,44,408,378,611
frame_0360.jpg,164,124,hand,712,237,876,361
frame_0360.jpg,165,114,hand,480,231,645,345
frame_0403.jpg,174,26,hand,212,692,386,718
frame_0403.jpg,156,116,hand,692,226,848,342
frame_0403.jpg,169,133,hand,371,205,540,338
frame_0408.jpg,176,20,hand,203,697,379,717
frame_0408.jpg,156,120,hand,687,226,843,346
frame_0408.jpg,179,134,hand,365,208,544,342
frame_0515.jpg,170,18,hand,291,700,461,718
frame_0515.jpg,271,203,hand,853,345,1124,548
frame_0515.jpg,137,124,hand,757,320,894,444
frame_0515.jpg,164,128,hand,561,242,725,370
frame_0546.jpg,219,51,hand,150,667,369,718
frame_0546.jpg,76,29,hand,390,689,466,718
frame_0546.jpg,158,121,hand,653,238,811,359
frame_0546.jpg,178,111,hand,457,219,635,330
frame_0591.jpg,240,41,hand,42,677,282,718
frame_0591.jpg,182,18,hand,315,700,497,718
frame_0591.jpg,149,122,hand,585,214,734,336
frame_0591.jpg,185,276,hand,390,172,575,448
frame_0675.jpg,253,94,hand,18,623,271,717
frame_0675.jpg,318,98,hand,225,619,543,717
frame_0675.jpg,167,122,hand,575,181,742,303
frame_0675.jpg,167,123,hand,404,172,571,295
frame_0708.jpg,253,101,hand,13,617,266,718
frame_0708.jpg,316,109,hand,226,609,542,718
frame_0708.jpg,163,123,hand,581,169,744,292
frame_0708.jpg,159,125,hand,408,139,567,264
frame_0739.jpg,243,99,hand,10,615,253,714
frame_0739.jpg,331,111,hand,203,607,534,718
frame_0739.jpg,154,120,hand,558,167,712,287
frame_0739.jpg,215,172,hand,379,33,594,205
frame_0767.jpg,253,103,hand,1,615,254,718
frame_0767.jpg,319,271,hand,600,373,919,644
frame_0767.jpg,161,117,hand,538,184,699,301
frame_0767.jpg,169,129,hand,328,160,497,289
frame_0788.jpg,285,129,hand,3,588,288,717
frame_0788.jpg,228,180,hand,564,281,792,461
frame_0788.jpg,152,119,hand,592,160,744,279
frame_0788.jpg,162,132,hand,373,124,535,256
frame_0810.jpg,240,142,hand,1,576,241,718
frame_0810.jpg,358,145,hand,156,572,514,717
frame_0810.jpg,156,132,hand,627,161,783,293
frame_0810.jpg,175,129,hand,340,117,515,246
frame_0867.jpg,352,231,hand,2,351,354,582
frame_0867.jpg,238,56,hand,356,662,594,718
frame_0867.jpg,152,119,hand,679,164,831,283
frame_0867.jpg,159,116,hand,437,196,596,312
frame_0907.jpg,297,212,hand,126,370,423,582
frame_0907.jpg,260,70,hand,415,648,675,718
frame_0907.jpg,145,122,hand,752,140,897,262
frame_0907.jpg,177,114,hand,501,171,678,285
frame_0918.jpg,300,207,hand,77,349,377,556
frame_0918.jpg,354,92,hand,317,625,671,717
frame_0918.jpg,155,129,hand,721,117,876,246
frame_0918.jpg,174,116,hand,473,148,647,264
frame_0922.jpg,289,282,hand,1,402,290,684
frame_0922.jpg,343,91,hand,332,627,675,718
frame_0922.jpg,165,121,hand,715,135,880,256
frame_0922.jpg,164,120,hand,482,159,646,279
frame_0925.jpg,250,244,hand,1,474,251,718
frame_0925.jpg,346,105,hand,329,613,675,718
frame_0925.jpg,153,124,hand,724,127,877,251
frame_0925.jpg,170,111,hand,480,157,650,268
frame_0947.jpg,314,151,hand,13,567,327,718
frame_0947.jpg,274,96,hand,382,622,656,718
frame_0947.jpg,155,119,hand,715,148,870,267
frame_0947.jpg,160,119,hand,481,132,641,251
frame_0982.jpg,228,97,hand,1,621,229,718
frame_0982.jpg,270,63,hand,276,655,546,718
frame_0982.jpg,108,111,hand,670,163,778,274
frame_0982.jpg,238,247,hand,469,89,707,336
frame_0984.jpg,221,95,hand,1,621,222,716
frame_0984.jpg,267,63,hand,272,654,539,717
frame_0984.jpg,106,112,hand,664,164,770,276
frame_0984.jpg,230,251,hand,481,103,711,354
frame_0990.jpg,216,92,hand,1,626,217,718
frame_0990.jpg,268,66,hand,272,651,540,717
frame_0990.jpg,126,117,hand,635,159,761,276
frame_0990.jpg,215,235,hand,441,105,656,340
frame_1014.jpg,273,126,hand,3,592,276,718
frame_1014.jpg,299,91,hand,325,625,624,716
frame_1014.jpg,144,116,hand,671,138,815,254
frame_1014.jpg,222,296,hand,263,51,485,347
frame_1030.jpg,298,109,hand,2,609,300,718
frame_1030.jpg,284,78,hand,345,639,629,717
frame_1030.jpg,150,119,hand,679,143,829,262
frame_1030.jpg,219,314,hand,245,27,464,341
frame_1039.jpg,297,108,hand,6,610,303,718
frame_1039.jpg,287,82,hand,342,636,629,718
frame_1039.jpg,146,121,hand,687,138,833,259
frame_1039.jpg,225,107,hand,232,2,457,109
frame_1132.jpg,186,14,hand,90,704,276,718
frame_1132.jpg,145,117,hand,753,190,898,307
frame_1132.jpg,169,139,hand,403,169,572,308
frame_1140.jpg,183,14,hand,101,704,284,718
frame_1140.jpg,145,126,hand,752,219,897,345
frame_1140.jpg,164,124,hand,408,193,572,317
frame_1175.jpg,135,124,hand,3,594,138,718
frame_1175.jpg,134,116,hand,672,218,806,334
frame_1175.jpg,175,129,hand,332,196,507,325
frame_1194.jpg,213,46,hand,48,671,261,717
frame_1194.jpg,157,120,hand,748,204,905,324
frame_1194.jpg,201,207,hand,193,147,394,354
frame_1223.jpg,262,70,hand,18,648,280,718
frame_1223.jpg,161,121,hand,737,175,898,296
frame_1223.jpg,210,244,hand,222,171,432,415
frame_1226.jpg,273,76,hand,7,642,280,718
frame_1226.jpg,95,11,hand,488,705,583,716
frame_1226.jpg,145,113,hand,749,176,894,289
frame_1226.jpg,223,253,hand,242,164,465,417
frame_1231.jpg,273,100,hand,1,618,274,718
frame_1231.jpg,173,49,hand,441,668,614,717
frame_1231.jpg,157,133,hand,734,142,891,275
frame_1231.jpg,230,263,hand,238,131,468,394
frame_1254.jpg,291,95,hand,1,623,292,718
frame_1254.jpg,155,34,hand,461,684,616,718
frame_1254.jpg,161,119,hand,745,153,906,272
frame_1254.jpg,161,149,hand,364,80,525,229
frame_1262.jpg,305,141,hand,10,577,315,718
frame_1262.jpg,220,59,hand,463,659,683,718
frame_1262.jpg,157,127,hand,781,119,938,246
frame_1262.jpg,175,132,hand,406,128,581,260
frame_1298.jpg,250,236,hand,1,482,251,718
frame_1298.jpg,224,59,hand,386,658,610,717
frame_1298.jpg,155,126,hand,707,113,862,239
frame_1298.jpg,180,123,hand,331,140,511,263
frame_1314.jpg,252,257,hand,3,461,255,718
frame_1314.jpg,159,39,hand,439,679,598,718
frame_1314.jpg,162,130,hand,720,122,882,252
frame_1314.jpg,196,113,hand,439,122,635,235
frame_1331.jpg,347,276,hand,10,411,357,687
frame_1331.jpg,157,34,hand,449,684,606,718
frame_1331.jpg,151,127,hand,738,124,889,251
frame_1331.jpg,176,121,hand,451,117,627,238
frame_1342.jpg,271,170,hand,1,547,272,717
frame_1342.jpg,118,20,hand,486,698,604,718
frame_1342.jpg,143,112,hand,758,146,901,258
frame_1342.jpg,181,99,hand,469,147,650,246
frame_1345.jpg,248,69,hand,59,647,307,716
frame_1345.jpg,144,26,hand,476,692,620,718
frame_1345.jpg,161,131,hand,755,139,916,270
frame_1345.jpg,174,106,hand,472,146,646,252
frame_1364.jpg,247,61,hand,80,655,327,716
frame_1364.jpg,137,36,hand,476,681,613,717
frame_1364.jpg,143,122,hand,748,165,891,287
frame_1364.jpg,187,113,hand,451,134,638,247
frame_1442.jpg,260,67,hand,16,651,276,718
frame_1442.jpg,181,45,hand,400,671,581,716
frame_1442.jpg,153,121,hand,701,151,854,272
frame_1442.jpg,216,235,hand,207,3,423,238
frame_1552.jpg,148,137,hand,722,278,870,415
frame_1552.jpg,146,134,hand,350,320,496,454
frame_1617.jpg,214,41,hand,131,676,345,717
frame_1617.jpg,143,25,hand,430,693,573,718
frame_1617.jpg,132,115,hand,784,247,916,362
frame_1617.jpg,141,125,hand,411,192,552,317
frame_1623.jpg,215,39,hand,126,679,341,718
frame_1623.jpg,139,112,hand,775,217,914,329
frame_1623.jpg,138,119,hand,393,190,531,309
frame_1624.jpg,224,46,hand,118,671,342,717
frame_1624.jpg,112,12,hand,453,706,565,718
frame_1624.jpg,145,118,hand,771,196,916,314
frame_1624.jpg,149,127,hand,390,168,539,295
frame_1670.jpg,251,58,hand,24,660,275,718
frame_1670.jpg,213,34,hand,325,684,538,718
frame_1670.jpg,155,126,hand,705,165,860,291
frame_1670.jpg,205,263,hand,234,29,439,292
frame_1686.jpg,254,55,hand,13,662,267,717
frame_1686.jpg,238,45,hand,305,672,543,717
frame_1686.jpg,145,116,hand,704,163,849,279
frame_1686.jpg,138,129,hand,193,193,331,322
frame_1694.jpg,258,61,hand,11,656,269,717
frame_1694.jpg,237,51,hand,307,667,544,718
frame_1694.jpg,149,120,hand,704,163,853,283
frame_1694.jpg,145,131,hand,208,183,353,314
frame_1724.jpg,143,121,hand,726,274,869,395
frame_1724.jpg,164,159,hand,246,196,410,355
frame_1750.jpg,152,116,hand,700,233,852,349
frame_1750.jpg,181,293,hand,321,229,502,522
frame_1753.jpg,196,14,hand,67,704,263,718
frame_1753.jpg,153,115,hand,697,227,850,342
frame_1753.jpg,185,230,hand,295,156,480,386
frame_1754.jpg,190,17,hand,63,701,253,718
frame_1754.jpg,153,119,hand,701,219,854,338
frame_1754.jpg,195,209,hand,279,119,474,328
frame_1757.jpg,200,17,hand,61,701,261,718
frame_1757.jpg,149,125,hand,707,213,856,338
frame_1757.jpg,177,179,hand,266,64,443,243
frame_1762.jpg,215,30,hand,47,684,262,714
frame_1762.jpg,126,23,hand,418,695,544,718
frame_1762.jpg,137,128,hand,699,194,836,322
frame_1762.jpg,148,179,hand,291,142,439,321
frame_1772.jpg,197,27,hand,75,689,272,716
frame_1772.jpg,141,111,hand,724,218,865,329
frame_1772.jpg,141,136,hand,319,200,460,336
frame_1796.jpg,203,28,hand,122,689,325,717
frame_1796.jpg,436,142,hand,420,574,856,716
frame_1796.jpg,133,123,hand,787,243,920,366
frame_1796.jpg,132,131,hand,323,194,455,325
frame_1816.jpg,322,118,hand,106,600,428,718
frame_1816.jpg,258,190,hand,501,325,759,515
frame_1816.jpg,133,112,hand,849,278,982,390
frame_1816.jpg,137,132,hand,422,148,559,280
frame_1821.jpg,318,110,hand,94,606,412,716
frame_1821.jpg,256,192,hand,485,326,741,518
frame_1821.jpg,134,118,hand,829,268,963,386
frame_1821.jpg,144,130,hand,399,142,543,272
frame_1825.jpg,308,110,hand,86,607,394,717
frame_1825.jpg,253,186,hand,526,311,779,497
frame_1825.jpg,135,120,hand,828,267,963,387
frame_1825.jpg,134,128,hand,397,153,531,281
frame_1894.jpg,232,47,hand,40,669,272,716
frame_1894.jpg,127,108,hand,713,238,840,346
frame_1894.jpg,134,129,hand,276,188,410,317
frame_1942.jpg,227,33,hand,35,684,262,717
frame_1942.jpg,272,37,hand,259,681,531,718
frame_1942.jpg,129,114,hand,707,222,836,336
frame_1942.jpg,180,288,hand,305,110,485,398
frame_1966.jpg,251,53,hand,49,665,300,718
frame_1966.jpg,181,45,hand,394,672,575,717
frame_1966.jpg,132,112,hand,737,204,869,316
frame_1966.jpg,243,317,hand,130,114,373,431
frame_2028.jpg,237,103,hand,1,615,238,718
frame_2028.jpg,273,79,hand,387,639,660,718
frame_2028.jpg,141,120,hand,699,168,840,288
frame_2028.jpg,136,128,hand,208,132,344,260
frame_2062.jpg,146,108,hand,2,610,148,718
frame_2062.jpg,369,250,hand,612,336,981,586
frame_2062.jpg,133,113,hand,609,159,742,272
frame_2062.jpg,142,133,hand,112,105,254,238
frame_2067.jpg,114,91,hand,1,625,115,716
frame_2067.jpg,373,238,hand,641,355,1014,593
frame_2067.jpg,122,119,hand,600,156,722,275
frame_2067.jpg,140,131,hand,88,114,228,245
frame_2068.jpg,118,86,hand,1,632,119,718
frame_2068.jpg,370,234,hand,647,362,1017,596
frame_2068.jpg,132,115,hand,585,156,717,271
frame_2068.jpg,142,145,hand,86,106,228,251
frame_2082.jpg,170,87,hand,5,631,175,718
frame_2082.jpg,402,298,hand,559,344,961,642
frame_2082.jpg,139,119,hand,643,147,782,266
frame_2082.jpg,144,136,hand,135,115,279,251
frame_2116.jpg,314,116,hand,9,602,323,718
frame_2116.jpg,285,224,hand,546,262,831,486
frame_2116.jpg,132,124,hand,796,179,928,303
frame_2116.jpg,131,125,hand,292,118,423,243
frame_2254.jpg,268,83,hand,160,635,428,718
frame_2254.jpg,278,203,hand,492,353,770,556
frame_2254.jpg,122,116,hand,820,279,942,395
frame_2254.jpg,155,125,hand,412,164,567,289
frame_2294.jpg,170,16,hand,13,702,183,718
frame_2294.jpg,214,180,hand,778,380,992,560
frame_2294.jpg,115,103,hand,592,264,707,367
frame_2294.jpg,160,119,hand,181,219,341,338
frame_2331.jpg,190,31,hand,105,687,295,718
frame_2331.jpg,223,20,hand,350,697,573,717
frame_2331.jpg,116,118,hand,713,214,829,332
frame_2331.jpg,131,128,hand,218,217,349,345
frame_2344.jpg,220,51,hand,79,665,299,716
frame_2344.jpg,224,40,hand,344,677,568,717
frame_2344.jpg,128,114,hand,708,198,836,312
frame_2344.jpg,130,128,hand,205,202,335,330
frame_2355.jpg,229,50,hand,73,667,302,717
frame_2355.jpg,245,49,hand,340,667,585,716
frame_2355.jpg,123,114,hand,708,194,831,308
frame_2355.jpg,133,128,hand,205,196,338,324
frame_2382.jpg,231,54,hand,52,664,283,718
frame_2382.jpg,252,51,hand,319,667,571,718
frame_2382.jpg,129,109,hand,695,194,824,303
frame_2382.jpg,134,129,hand,199,193,333,322
frame_2393.jpg,223,51,hand,46,665,269,716
frame_2393.jpg,277,68,hand,287,650,564,718
frame_2393.jpg,133,118,hand,687,186,820,304
frame_2393.jpg,132,135,hand,183,185,315,320
frame_2397.jpg,229,57,hand,43,660,272,717
frame_2397.jpg,284,76,hand,279,642,563,718
frame_2397.jpg,128,115,hand,693,186,821,301
frame_2397.jpg,139,134,hand,185,186,324,320
frame_2423.jpg,230,49,hand,44,669,274,718
frame_2423.jpg,284,76,hand,279,642,563,718
frame_2423.jpg,123,108,hand,692,192,815,300
frame_2423.jpg,185,226,hand,259,91,444,317
frame_2440.jpg,237,60,hand,35,658,272,718
frame_2440.jpg,276,86,hand,278,631,554,717
frame_2440.jpg,131,114,hand,680,183,811,297
frame_2440.jpg,215,283,hand,432,196,647,479
frame_2481.jpg,198,46,hand,5,668,203,714
frame_2481.jpg,270,64,hand,220,654,490,718
frame_2481.jpg,124,115,hand,625,172,749,287
frame_2481.jpg,142,137,hand,113,164,255,301
frame_2494.jpg,233,86,hand,1,631,234,717
frame_2494.jpg,278,63,hand,254,655,532,718
frame_2494.jpg,121,113,hand,675,165,796,278
frame_2494.jpg,172,152,hand,93,119,265,271
frame_2497.jpg,222,70,hand,2,648,224,718
frame_2497.jpg,229,32,hand,280,684,509,716
frame_2497.jpg,133,112,hand,675,164,808,276
frame_2497.jpg,181,174,hand,65,117,246,291
frame_2546.jpg,243,74,hand,11,644,254,718
frame_2546.jpg,354,219,hand,572,295,926,514
frame_2546.jpg,99,97,hand,758,256,857,353
frame_2546.jpg,149,138,hand,171,153,320,291
frame_2552.jpg,262,95,hand,1,622,263,717
frame_2552.jpg,335,219,hand,550,301,885,520
frame_2552.jpg,129,118,hand,766,231,895,349
frame_2552.jpg,149,140,hand,188,99,337,239
frame_2592.jpg,272,190,hand,584,528,856,718
frame_2592.jpg,126,124,hand,748,396,874,520
frame_2592.jpg,143,151,hand,199,251,342,402
frame_2645.jpg,127,110,hand,667,227,794,337
frame_2645.jpg,152,130,hand,86,212,238,342
frame_2656.jpg,180,25,hand,11,693,191,718
frame_2656.jpg,245,57,hand,278,660,523,717
frame_2656.jpg,129,115,hand,658,190,787,305
frame_2656.jpg,138,134,hand,82,204,220,338
frame_2667.jpg,230,38,hand,2,680,232,718
frame_2667.jpg,287,86,hand,255,632,542,718
frame_2667.jpg,137,114,hand,670,181,807,295
frame_2667.jpg,151,133,hand,90,172,241,305
frame_0051.jpg,537,293,hand,610,420,1147,713
frame_0051.jpg,244,113,hand,426,274,670,387
frame_0051.jpg,277,188,hand,59,66,336,254
frame_0058.jpg,534,264,hand,645,448,1179,712
frame_0058.jpg,222,95,hand,457,291,679,386
frame_0058.jpg,273,160,hand,60,140,333,300
frame_0069.jpg,216,103,hand,485,281,701,384
frame_0069.jpg,281,233,hand,94,242,375,475
frame_0124.jpg,441,253,hand,577,407,1018,660
frame_0124.jpg,220,102,hand,561,309,781,411
frame_0124.jpg,198,135,hand,267,280,465,415
frame_0127.jpg,454,279,hand,601,353,1055,632
frame_0127.jpg,199,103,hand,555,308,754,411
frame_0127.jpg,194,134,hand,251,287,445,421
frame_0147.jpg,226,101,hand,507,301,733,402
frame_0147.jpg,219,182,hand,251,237,470,419
frame_0190.jpg,231,91,hand,535,296,766,387
frame_0190.jpg,247,222,hand,292,238,539,460
frame_0194.jpg,218,104,hand,535,287,753,391
frame_0194.jpg,251,239,hand,284,247,535,486
frame_0226.jpg,347,269,hand,616,399,963,668
frame_0226.jpg,241,111,hand,653,301,894,412
frame_0226.jpg,223,158,hand,263,222,486,380
frame_0254.jpg,210,105,hand,585,275,795,380
frame_0254.jpg,223,153,hand,298,0,521,153
frame_0328.jpg,259,279,hand,345,94,604,373
frame_0329.jpg,273,274,hand,333,97,606,371
frame_0360.jpg,233,103,hand,423,225,656,328
frame_0360.jpg,271,154,hand,213,3,484,157
frame_0374.jpg,523,312,hand,755,406,1278,718
frame_0374.jpg,226,104,hand,511,251,737,355
frame_0374.jpg,243,169,hand,229,86,472,255
frame_0411.jpg,578,273,hand,630,444,1208,717
frame_0411.jpg,207,101,hand,490,283,697,384
frame_0411.jpg,237,183,hand,183,163,420,346
frame_0527.jpg,164,81,hand,395,272,559,353
frame_0527.jpg,238,279,hand,496,194,734,473
frame_0558.jpg,445,249,hand,658,383,1103,632
frame_0558.jpg,283,112,hand,356,210,639,322
frame_0558.jpg,55,292,hand,1,313,56,605
frame_0624.jpg,253,256,hand,861,361,1114,617
frame_0624.jpg,276,297,hand,382,197,658,494
frame_0666.jpg,404,182,hand,600,534,1004,716
frame_0666.jpg,147,114,hand,850,545,997,659
frame_0666.jpg,171,228,hand,1,489,172,717
frame_0696.jpg,581,258,hand,522,458,1103,716
frame_0696.jpg,231,187,hand,1031,522,1262,709
frame_0696.jpg,226,217,hand,142,439,368,656
frame_0724.jpg,539,282,hand,453,435,992,717
frame_0724.jpg,137,122,hand,1142,495,1279,617
frame_0724.jpg,222,224,hand,222,386,444,610
frame_0726.jpg,522,272,hand,431,446,953,718
frame_0726.jpg,151,127,hand,1128,495,1279,622
frame_0726.jpg,219,222,hand,220,384,439,606
frame_0772.jpg,277,301,hand,975,326,1252,627
frame_0772.jpg,252,173,hand,52,192,304,365
frame_0773.jpg,287,307,hand,967,320,1254,627
frame_0773.jpg,280,169,hand,43,132,323,301
frame_0812.jpg,260,289,hand,940,328,1200,617
frame_0812.jpg,269,212,hand,269,168,538,380
frame_0819.jpg,263,280,hand,915,337,1178,617
frame_0819.jpg,297,228,hand,205,68,502,296
frame_0830.jpg,251,273,hand,924,329,1175,602
frame_0830.jpg,244,169,hand,230,124,474,293
frame_0895.jpg,245,268,hand,844,305,1089,573
frame_0895.jpg,251,239,hand,247,202,498,441
frame_0924.jpg,249,282,hand,864,308,1113,590
frame_0924.jpg,282,273,hand,150,246,432,519
frame_0939.jpg,252,314,hand,943,326,1195,640
frame_0939.jpg,231,282,hand,246,250,477,532
frame_0974.jpg,494,283,hand,573,435,1067,718
frame_0974.jpg,183,317,hand,1096,400,1279,717
frame_0974.jpg,208,228,hand,258,369,466,597
frame_0978.jpg,203,303,hand,1076,415,1279,718
frame_0978.jpg,207,225,hand,253,378,460,603
frame_1005.jpg,241,282,hand,902,340,1143,622
frame_1005.jpg,258,169,hand,166,238,424,407
frame_1049.jpg,266,306,hand,953,412,1219,718
frame_1049.jpg,254,190,hand,267,363,521,553
frame_1077.jpg,270,303,hand,959,413,1229,716
frame_1077.jpg,244,239,hand,222,390,466,629
frame_1089.jpg,260,297,hand,971,420,1231,717
frame_1089.jpg,235,223,hand,230,406,465,629
frame_1098.jpg,269,291,hand,963,427,1232,718
frame_1098.jpg,227,237,hand,114,390,341,627
frame_1126.jpg,492,196,hand,472,522,964,718
frame_1126.jpg,260,252,hand,1010,466,1270,718
frame_1126.jpg,231,223,hand,134,453,365,676
frame_1169.jpg,489,309,hand,538,283,1027,592
frame_1169.jpg,141,97,hand,959,592,1100,689
frame_1169.jpg,249,217,hand,14,423,263,640
frame_1205.jpg,252,283,hand,916,384,1168,667
frame_1205.jpg,224,213,hand,155,291,379,504
frame_1227.jpg,273,289,hand,910,394,1183,683
frame_1227.jpg,264,254,hand,390,235,654,489
frame_1270.jpg,165,256,hand,853,450,1018,706
frame_1270.jpg,195,214,hand,134,420,329,634
frame_1284.jpg,520,293,hand,627,421,1147,714
frame_1284.jpg,198,236,hand,133,402,331,638
frame_1308.jpg,318,206,hand,641,347,959,553
frame_1308.jpg,81,80,hand,948,618,1029,698
frame_1308.jpg,199,215,hand,196,423,395,638
frame_1360.jpg,177,210,hand,817,448,994,658
frame_1360.jpg,201,195,hand,71,461,272,656
frame_1407.jpg,193,112,hand,548,270,741,382
frame_1407.jpg,206,142,hand,209,336,415,478
frame_1467.jpg,206,124,hand,621,250,827,374
frame_1467.jpg,205,132,hand,308,246,513,378
frame_1471.jpg,198,131,hand,608,247,806,378
frame_1471.jpg,210,135,hand,287,248,497,383
frame_1482.jpg,204,134,hand,606,287,810,421
frame_1482.jpg,209,131,hand,294,281,503,412
frame_1511.jpg,199,144,hand,583,304,782,448
frame_1511.jpg,196,123,hand,286,314,482,437
frame_1513.jpg,186,136,hand,576,332,762,468
frame_1513.jpg,193,124,hand,288,337,481,461
frame_1557.jpg,173,135,hand,637,231,810,366
frame_1557.jpg,214,128,hand,245,283,459,411
frame_1572.jpg,196,119,hand,565,242,761,361
frame_1572.jpg,205,136,hand,234,289,439,425
frame_1601.jpg,206,154,hand,600,216,806,370
frame_1601.jpg,199,120,hand,286,258,485,378
frame_1613.jpg,206,162,hand,597,216,803,378
frame_1613.jpg,201,135,hand,288,243,489,378
frame_1674.jpg,231,181,hand,596,288,827,469
frame_1674.jpg,205,127,hand,317,305,522,432
frame_1745.jpg,165,121,hand,477,307,642,428
frame_1745.jpg,199,127,hand,300,325,499,452
frame_1746.jpg,163,122,hand,482,301,645,423
frame_1746.jpg,197,119,hand,312,325,509,444
frame_1758.jpg,533,300,hand,635,413,1168,713
frame_1758.jpg,185,127,hand,461,292,646,419
frame_1758.jpg,192,120,hand,305,334,497,454
frame_1765.jpg,498,272,hand,598,444,1096,716
frame_1765.jpg,188,127,hand,457,281,645,408
frame_1765.jpg,219,122,hand,284,317,503,439
frame_1800.jpg,186,144,hand,662,313,848,457
frame_1800.jpg,165,143,hand,259,288,424,431
frame_1804.jpg,183,132,hand,631,299,814,431
frame_1804.jpg,173,145,hand,229,276,402,421
frame_1822.jpg,206,142,hand,656,175,862,317
frame_1822.jpg,179,141,hand,221,279,400,420
frame_1852.jpg,218,241,hand,671,180,889,421
frame_1852.jpg,161,138,hand,243,303,404,441
frame_1932.jpg,454,273,hand,642,437,1096,710
frame_1932.jpg,231,116,hand,585,334,816,450
frame_1932.jpg,222,256,hand,3,396,225,652
frame_1944.jpg,403,211,hand,700,506,1103,717
frame_1944.jpg,211,159,hand,605,371,816,530
frame_1944.jpg,223,270,hand,1,421,224,691
frame_1948.jpg,389,224,hand,703,494,1092,718
frame_1948.jpg,214,128,hand,630,375,844,503
frame_1948.jpg,236,265,hand,1,419,237,684
frame_1966.jpg,371,215,hand,647,371,1018,586
frame_1966.jpg,266,264,hand,16,423,282,687
frame_1987.jpg,206,207,hand,687,276,893,483
frame_1987.jpg,221,247,hand,82,337,303,584
frame_2022.jpg,203,118,hand,625,231,828,349
frame_2022.jpg,238,248,hand,2,392,240,640
frame_2043.jpg,206,128,hand,473,333,679,461
frame_2043.jpg,202,214,hand,1,504,203,718
frame_2106.jpg,193,142,hand,617,246,810,388
frame_2106.jpg,249,265,hand,1,432,250,697
frame_2127.jpg,210,133,hand,647,246,857,379
frame_2127.jpg,231,252,hand,19,466,250,718
frame_2145.jpg,247,286,hand,530,303,777,589
frame_2145.jpg,239,295,hand,2,419,241,714
frame_2161.jpg,244,324,hand,575,378,819,702
frame_2161.jpg,226,229,hand,6,489,232,718
frame_2162.jpg,242,314,hand,577,384,819,698
frame_2162.jpg,237,232,hand,1,486,238,718
frame_2189.jpg,218,335,hand,883,362,1101,697
frame_2189.jpg,242,260,hand,1,440,243,700
frame_2190.jpg,228,335,hand,882,329,1110,664
frame_2190.jpg,236,263,hand,1,441,237,704
frame_2239.jpg,536,196,hand,662,522,1198,718
frame_2239.jpg,198,163,hand,554,353,752,516
frame_2239.jpg,191,204,hand,1,359,192,563
frame_2265.jpg,315,205,hand,712,395,1027,600
frame_2265.jpg,182,117,hand,624,345,806,462
frame_2265.jpg,187,211,hand,76,337,263,548
frame_2292.jpg,192,170,hand,596,329,788,499
frame_2292.jpg,190,226,hand,39,347,229,573
frame_2333.jpg,185,239,hand,675,275,860,514
frame_2333.jpg,191,207,hand,47,346,238,553
frame_2355.jpg,184,192,hand,821,264,1005,456
frame_2355.jpg,194,209,hand,23,384,217,593
frame_2370.jpg,190,196,hand,885,295,1075,491
frame_2370.jpg,196,214,hand,42,366,238,580
frame_2386.jpg,153,170,hand,866,316,1019,486
frame_2386.jpg,177,201,hand,90,342,267,543
frame_2387.jpg,153,176,hand,864,313,1017,489
frame_2387.jpg,182,192,hand,100,342,282,534
frame_2412.jpg,162,174,hand,853,283,1015,457
frame_2412.jpg,192,196,hand,69,262,261,458
frame_2419.jpg,157,207,hand,893,408,1050,615
frame_2419.jpg,184,214,hand,98,374,282,588
frame_2491.jpg,235,145,hand,733,573,968,718
frame_2491.jpg,154,183,hand,850,485,1004,668
frame_2491.jpg,207,214,hand,35,441,242,655
frame_2511.jpg,340,207,hand,726,511,1066,718
frame_2511.jpg,160,181,hand,861,425,1021,606
frame_2511.jpg,198,225,hand,69,384,267,609
frame_2520.jpg,351,214,hand,721,504,1072,718
frame_2520.jpg,160,172,hand,865,417,1025,589
frame_2520.jpg,199,220,hand,64,378,263,598
frame_2521.jpg,382,219,hand,711,497,1093,716
frame_2521.jpg,165,164,hand,869,424,1034,588
frame_2521.jpg,198,227,hand,71,376,269,603
frame_2530.jpg,311,260,hand,755,407,1066,667
frame_2530.jpg,195,206,hand,81,394,276,600
frame_2536.jpg,462,331,hand,762,374,1224,705
frame_2536.jpg,189,204,hand,97,370,286,574
frame_2548.jpg,198,159,hand,707,313,905,472
frame_2548.jpg,190,211,hand,64,362,254,573
frame_2623.jpg,160,164,hand,697,379,857,543
frame_2623.jpg,195,163,hand,163,243,358,406
frame_2631.jpg,187,185,hand,686,347,873,532
frame_2631.jpg,181,144,hand,168,271,349,415
frame_2648.jpg,225,195,hand,637,267,862,462
frame_2648.jpg,184,144,hand,162,206,346,350
frame_2658.jpg,235,244,hand,509,275,744,519
frame_2658.jpg,177,157,hand,110,274,287,431
frame_2667.jpg,228,215,hand,539,264,767,479
frame_2667.jpg,181,140,hand,110,333,291,473
frame_0009.jpg,210,205,hand,734,494,944,699
frame_0009.jpg,159,174,hand,171,457,330,631
frame_0012.jpg,199,199,hand,749,502,948,701
frame_0012.jpg,155,191,hand,143,455,298,646
frame_0042.jpg,401,180,hand,855,538,1256,718
frame_0042.jpg,176,178,hand,734,400,910,578
frame_0042.jpg,163,191,hand,126,349,289,540
frame_0052.jpg,81,138,hand,1,578,82,716
frame_0052.jpg,462,392,hand,817,318,1279,710
frame_0052.jpg,62,180,hand,768,360,830,540
frame_0052.jpg,204,193,hand,132,326,336,519
frame_0135.jpg,343,151,hand,1,563,344,714
frame_0135.jpg,170,125,hand,1109,593,1279,718
frame_0135.jpg,229,189,hand,897,279,1126,468
frame_0135.jpg,208,140,hand,397,226,605,366
frame_0151.jpg,278,201,hand,1,515,279,716
frame_0151.jpg,282,172,hand,997,546,1279,718
frame_0151.jpg,195,165,hand,851,269,1046,434
frame_0151.jpg,239,174,hand,302,188,541,362
frame_0152.jpg,263,203,hand,3,515,266,718
frame_0152.jpg,278,178,hand,1001,540,1279,718
frame_0152.jpg,206,178,hand,840,256,1046,434
frame_0152.jpg,237,172,hand,298,188,535,360
frame_0200.jpg,382,208,hand,5,510,387,718
frame_0200.jpg,170,131,hand,1109,587,1279,718
frame_0200.jpg,222,171,hand,906,284,1128,455
frame_0200.jpg,204,137,hand,503,248,707,385
frame_0210.jpg,379,205,hand,14,513,393,718
frame_0210.jpg,170,110,hand,1109,608,1279,718
frame_0210.jpg,239,173,hand,889,301,1128,474
frame_0210.jpg,225,131,hand,484,282,709,413
frame_0223.jpg,392,263,hand,7,455,399,718
frame_0223.jpg,210,150,hand,1069,568,1279,718
frame_0223.jpg,221,191,hand,876,273,1097,464
frame_0223.jpg,214,125,hand,480,265,694,390
frame_0234.jpg,286,290,hand,12,424,298,714
frame_0234.jpg,242,172,hand,1037,546,1279,718
frame_0234.jpg,212,188,hand,868,263,1080,451
frame_0234.jpg,199,123,hand,480,243,679,366
frame_0263.jpg,237,178,hand,1,540,238,718
frame_0263.jpg,360,186,hand,919,532,1279,718
frame_0263.jpg,286,269,hand,705,129,991,398
frame_0263.jpg,218,130,hand,368,243,586,373
frame_0272.jpg,204,189,hand,3,527,207,716
frame_0272.jpg,382,210,hand,897,508,1279,718
frame_0272.jpg,279,272,hand,722,152,1001,424
frame_0272.jpg,180,144,hand,378,224,558,368
frame_0291.jpg,214,180,hand,1,538,215,718
frame_0291.jpg,373,197,hand,904,521,1277,718
frame_0291.jpg,303,263,hand,732,231,1035,494
frame_0291.jpg,191,134,hand,376,241,567,375
frame_0295.jpg,201,174,hand,1,542,202,716
frame_0295.jpg,337,237,hand,921,481,1258,718
frame_0295.jpg,309,208,hand,747,201,1056,409
frame_0295.jpg,182,142,hand,376,235,558,377
frame_0304.jpg,240,174,hand,1,544,241,718
frame_0304.jpg,519,337,hand,652,366,1171,703
frame_0304.jpg,184,151,hand,849,292,1033,443
frame_0304.jpg,178,142,hand,419,260,597,402
frame_0321.jpg,284,176,hand,7,540,291,716
frame_0321.jpg,406,273,hand,580,390,986,663
frame_0321.jpg,252,149,hand,811,349,1063,498
frame_0321.jpg,205,136,hand,440,254,645,390
frame_0329.jpg,286,172,hand,1,546,287,718
frame_0329.jpg,381,246,hand,582,349,963,595
frame_0329.jpg,195,131,hand,861,352,1056,483
frame_0329.jpg,214,135,hand,427,263,641,398
frame_0378.jpg,271,186,hand,3,532,274,718
frame_0378.jpg,320,248,hand,959,470,1279,718
frame_0378.jpg,206,204,hand,861,345,1067,549
frame_0378.jpg,239,129,hand,402,265,641,394
frame_0386.jpg,225,127,hand,1,591,226,718
frame_0386.jpg,257,159,hand,1020,559,1277,718
frame_0386.jpg,191,193,hand,789,345,980,538
frame_0386.jpg,190,127,hand,383,275,573,402
frame_0411.jpg,236,157,hand,7,559,243,716
frame_0411.jpg,212,148,hand,1067,568,1279,716
frame_0411.jpg,307,252,hand,643,174,950,426
frame_0411.jpg,193,129,hand,389,269,582,398
frame_0422.jpg,240,172,hand,1,542,241,714
frame_0422.jpg,214,167,hand,1065,551,1279,718
frame_0422.jpg,278,281,hand,658,121,936,402
frame_0422.jpg,184,125,hand,404,248,588,373
frame_0461.jpg,223,153,hand,3,561,226,714
frame_0461.jpg,558,297,hand,643,421,1201,718
frame_0461.jpg,190,144,hand,811,347,1001,491
frame_0461.jpg,188,123,hand,402,275,590,398
frame_0588.jpg,244,150,hand,1,568,245,718
frame_0588.jpg,235,165,hand,1044,553,1279,718
frame_0588.jpg,189,191,hand,825,303,1014,494
frame_0588.jpg,260,235,hand,190,229,450,464
frame_0617.jpg,297,155,hand,1,561,298,716
frame_0617.jpg,560,377,hand,662,252,1222,629
frame_0617.jpg,202,123,hand,452,260,654,383
frame_0646.jpg,212,224,hand,1,481,213,705
frame_0646.jpg,554,352,hand,435,326,989,678
frame_0646.jpg,176,147,hand,855,313,1031,460
frame_0646.jpg,201,116,hand,423,233,624,349
frame_0657.jpg,280,206,hand,1,508,281,714
frame_0657.jpg,506,310,hand,389,296,895,606
frame_0657.jpg,186,191,hand,921,349,1107,540
frame_0657.jpg,195,62,hand,478,256,673,318
frame_0694.jpg,331,165,hand,1,553,332,718
frame_0694.jpg,401,269,hand,501,360,902,629
frame_0694.jpg,180,195,hand,993,385,1173,580
frame_0694.jpg,226,95,hand,508,269,734,364
frame_0702.jpg,301,121,hand,1,595,302,716
frame_0702.jpg,407,282,hand,556,432,963,714
frame_0702.jpg,199,180,hand,974,426,1173,606
frame_0702.jpg,214,123,hand,516,303,730,426
frame_0732.jpg,244,123,hand,1,595,245,718
frame_0732.jpg,469,360,hand,789,214,1258,574
frame_0732.jpg,206,133,hand,452,288,658,421
frame_0803.jpg,142,142,hand,1,576,143,718
frame_0803.jpg,462,354,hand,630,258,1092,612
frame_0803.jpg,205,133,hand,353,267,558,400
frame_0810.jpg,163,167,hand,1,551,164,718
frame_0810.jpg,612,292,hand,616,426,1228,718
frame_0810.jpg,185,135,hand,804,337,989,472
frame_0810.jpg,201,131,hand,383,246,584,377
frame_0972.jpg,231,140,hand,3,578,234,718
frame_0972.jpg,212,112,hand,1067,606,1279,718
frame_0972.jpg,218,187,hand,819,349,1037,536
frame_0972.jpg,260,192,hand,271,181,531,373
frame_0973.jpg,214,146,hand,5,572,219,718
frame_0973.jpg,211,114,hand,1059,604,1270,718
frame_0973.jpg,203,182,hand,811,341,1014,523
frame_0973.jpg,267,190,hand,263,183,530,373
frame_0991.jpg,210,152,hand,1,566,211,718
frame_0991.jpg,252,133,hand,1027,585,1279,718
frame_0991.jpg,210,178,hand,808,324,1018,502
frame_0991.jpg,255,225,hand,258,183,513,408
frame_1043.jpg,214,146,hand,1,572,215,718
frame_1043.jpg,212,178,hand,815,332,1027,510
frame_1043.jpg,222,233,hand,209,180,431,413
frame_1052.jpg,252,151,hand,1,563,253,714
frame_1052.jpg,441,72,hand,505,646,946,718
frame_1052.jpg,212,189,hand,857,343,1069,532
frame_1052.jpg,191,127,hand,484,254,675,381
frame_1053.jpg,271,155,hand,1,563,272,718
frame_1053.jpg,701,178,hand,406,540,1107,718
frame_1053.jpg,203,189,hand,872,349,1075,538
frame_1053.jpg,195,127,hand,476,263,671,390
frame_1063.jpg,272,83,hand,33,636,305,719
frame_1063.jpg,544,286,hand,544,330,1088,616
frame_1083.jpg,352,133,hand,5,583,357,716
frame_1083.jpg,474,301,hand,652,216,1126,517
frame_1083.jpg,81,86,hand,1022,535,1103,621
frame_1083.jpg,118,110,hand,561,303,679,413
frame_1089.jpg,345,136,hand,1,580,346,716
frame_1089.jpg,475,345,hand,751,159,1226,504
frame_1089.jpg,190,111,hand,1008,510,1198,621
frame_1089.jpg,195,131,hand,567,299,762,430
frame_1098.jpg,316,163,hand,1,555,317,718
frame_1098.jpg,530,350,hand,713,254,1243,604
frame_1098.jpg,206,129,hand,537,263,743,392
frame_1147.jpg,367,180,hand,1,538,368,718
frame_1147.jpg,303,252,hand,465,305,768,557
frame_1147.jpg,212,214,hand,1012,364,1224,578
frame_1147.jpg,207,95,hand,580,252,787,347
frame_1151.jpg,367,172,hand,1,546,368,718
frame_1151.jpg,333,229,hand,480,279,813,508
frame_1151.jpg,216,214,hand,1008,360,1224,574
frame_1151.jpg,131,70,hand,626,250,757,320
frame_1159.jpg,352,195,hand,1,523,353,718
frame_1159.jpg,441,390,hand,832,63,1273,453
frame_1159.jpg,188,140,hand,993,402,1181,542
frame_1159.jpg,202,125,hand,558,237,760,362
frame_1161.jpg,335,195,hand,1,523,336,718
frame_1161.jpg,303,358,hand,972,176,1275,534
frame_1161.jpg,173,138,hand,972,413,1145,551
frame_1161.jpg,218,119,hand,535,239,753,358
frame_1174.jpg,248,167,hand,1,549,249,716
frame_1174.jpg,202,146,hand,1071,572,1273,718
frame_1174.jpg,188,186,hand,864,322,1052,508
frame_1174.jpg,197,127,hand,461,237,658,364
frame_1189.jpg,259,138,hand,1,578,260,716
frame_1189.jpg,206,146,hand,1073,572,1279,718
frame_1189.jpg,192,191,hand,883,322,1075,513
frame_1189.jpg,201,125,hand,440,188,641,313
frame_1198.jpg,256,129,hand,1,589,257,718
frame_1198.jpg,202,112,hand,1073,606,1275,718
frame_1198.jpg,193,199,hand,874,339,1067,538
frame_1198.jpg,238,164,hand,289,99,527,263
frame_1220.jpg,223,125,hand,1,591,224,716
frame_1220.jpg,237,125,hand,1042,593,1279,718
frame_1220.jpg,195,197,hand,857,339,1052,536
frame_1220.jpg,256,238,hand,279,219,535,457
frame_1226.jpg,244,125,hand,1,593,245,718
frame_1226.jpg,223,131,hand,1056,587,1279,718
frame_1226.jpg,189,190,hand,872,337,1061,527
frame_1226.jpg,250,235,hand,251,174,501,409
frame_1240.jpg,271,127,hand,3,591,274,718
frame_1240.jpg,167,129,hand,1112,589,1279,718
frame_1240.jpg,203,200,hand,904,332,1107,532
frame_1240.jpg,257,323,hand,219,171,476,494
frame_1336.jpg,237,44,hand,1,674,238,718
frame_1336.jpg,453,291,hand,550,330,1003,621
frame_1336.jpg,168,140,hand,965,447,1133,587
frame_1336.jpg,165,135,hand,406,339,571,474
frame_1350.jpg,193,51,hand,1,667,194,718
frame_1350.jpg,395,279,hand,469,373,864,652
frame_1350.jpg,178,185,hand,880,411,1058,596
frame_1350.jpg,189,149,hand,361,315,550,464
frame_1363.jpg,265,155,hand,1,563,266,718
frame_1363.jpg,420,244,hand,461,341,881,585
frame_1363.jpg,195,212,hand,938,324,1133,536
frame_1363.jpg,197,134,hand,423,243,620,377
frame_1371.jpg,220,127,hand,1,587,221,714
frame_1371.jpg,560,330,hand,607,55,1167,385
frame_1371.jpg,195,184,hand,883,379,1078,563
frame_1371.jpg,223,144,hand,363,258,586,402
frame_1395.jpg,288,114,hand,1,604,289,718
frame_1395.jpg,333,265,hand,450,411,783,676
frame_1395.jpg,195,206,hand,957,360,1152,566
frame_1395.jpg,204,142,hand,429,271,633,413
frame_1404.jpg,276,91,hand,3,627,279,718
frame_1404.jpg,405,271,hand,469,434,874,705
frame_1404.jpg,204,198,hand,961,385,1165,583
frame_1404.jpg,208,142,hand,431,290,639,432
frame_1438.jpg,155,30,hand,7,688,162,718
frame_1438.jpg,354,307,hand,516,388,870,695
frame_1438.jpg,193,195,hand,870,385,1063,580
frame_1438.jpg,212,148,hand,336,326,548,474
frame_1495.jpg,216,95,hand,1,623,217,718
frame_1495.jpg,496,244,hand,357,322,853,566
frame_1495.jpg,197,208,hand,891,364,1088,572
frame_1495.jpg,151,149,hand,374,279,525,428
frame_1503.jpg,229,80,hand,5,638,234,718
frame_1503.jpg,500,292,hand,319,343,819,635
frame_1503.jpg,208,222,hand,893,377,1101,599
frame_1503.jpg,161,130,hand,391,296,552,426
frame_1510.jpg,216,53,hand,5,665,221,718
frame_1510.jpg,583,261,hand,285,457,868,718
frame_1510.jpg,202,201,hand,910,413,1112,614
frame_1510.jpg,214,135,hand,383,335,597,470
frame_1517.jpg,229,57,hand,1,661,230,718
frame_1517.jpg,441,259,hand,427,400,868,659
frame_1517.jpg,193,204,hand,923,438,1116,642
frame_1517.jpg,165,131,hand,406,341,571,472
frame_1543.jpg,123,127,hand,5,591,128,718
frame_1543.jpg,358,263,hand,349,328,707,591
frame_1543.jpg,178,210,hand,821,358,999,568
frame_1543.jpg,152,125,hand,315,286,467,411
frame_1563.jpg,157,85,hand,3,633,160,718
frame_1563.jpg,329,212,hand,624,277,953,489
frame_1563.jpg,53,119,hand,876,523,929,642
frame_1563.jpg,199,140,hand,351,330,550,470
frame_1581.jpg,195,129,hand,1,589,196,718
frame_1581.jpg,318,231,hand,618,265,936,496
frame_1581.jpg,81,78,hand,1016,430,1097,508
frame_1581.jpg,216,144,hand,374,292,590,436
frame_1594.jpg,195,96,hand,1,616,196,712
frame_1594.jpg,303,235,hand,584,269,887,504
frame_1594.jpg,155,136,hand,961,421,1116,557
frame_1594.jpg,201,142,hand,385,309,586,451
frame_1595.jpg,193,97,hand,1,619,194,716
frame_1595.jpg,320,238,hand,582,277,902,515
frame_1595.jpg,148,136,hand,957,419,1105,555
frame_1595.jpg,212,144,hand,372,311,584,455
frame_1618.jpg,195,70,hand,1,646,196,716
frame_1618.jpg,424,290,hand,813,180,1237,470
frame_1618.jpg,214,216,hand,859,400,1073,616
frame_1618.jpg,200,144,hand,363,313,563,457
frame_1666.jpg,176,61,hand,1,657,177,718
frame_1666.jpg,271,149,hand,1008,563,1279,712
frame_1666.jpg,188,216,hand,830,379,1018,595
frame_1666.jpg,233,204,hand,130,258,363,462
frame_1770.jpg,146,91,hand,1,627,147,718
frame_1770.jpg,331,263,hand,626,377,957,640
frame_1770.jpg,178,161,hand,819,392,997,553
frame_1770.jpg,235,132,hand,296,315,531,447
frame_1786.jpg,176,78,hand,1,638,177,716
frame_1786.jpg,396,316,hand,853,330,1249,646
frame_1786.jpg,98,85,hand,838,383,936,468
frame_1786.jpg,227,123,hand,308,318,535,441
frame_1806.jpg,206,87,hand,1,631,207,718
frame_1806.jpg,265,165,hand,1014,553,1279,718
frame_1806.jpg,204,208,hand,855,366,1059,574
frame_1806.jpg,263,207,hand,149,246,412,453
frame_1812.jpg,182,87,hand,1,629,183,716
frame_1812.jpg,286,169,hand,993,549,1279,718
frame_1812.jpg,193,206,hand,834,360,1027,566
frame_1812.jpg,210,241,hand,145,231,355,472
frame_1836.jpg,265,131,hand,1,585,266,716
frame_1836.jpg,206,210,hand,1073,508,1279,718
frame_1836.jpg,184,205,hand,925,318,1109,523
frame_1836.jpg,214,238,hand,213,188,427,426
frame_1873.jpg,208,106,hand,5,612,213,718
frame_1873.jpg,263,195,hand,1016,523,1279,718
frame_1873.jpg,195,206,hand,859,332,1054,538
frame_1873.jpg,275,237,hand,334,220,609,457
frame_1875.jpg,227,104,hand,1,614,228,718
frame_1875.jpg,256,195,hand,1023,523,1279,718
frame_1875.jpg,193,201,hand,859,337,1052,538
frame_1875.jpg,267,225,hand,332,235,599,460
frame_1905.jpg,206,123,hand,5,595,211,718
frame_1905.jpg,263,214,hand,1016,504,1279,718
frame_1905.jpg,197,208,hand,855,315,1052,523
frame_1905.jpg,288,246,hand,298,205,586,451
frame_1907.jpg,210,119,hand,1,599,211,718
frame_1907.jpg,273,214,hand,1006,504,1279,718
frame_1907.jpg,197,195,hand,864,320,1061,515
frame_1907.jpg,280,238,hand,302,222,582,460
frame_1974.jpg,178,77,hand,10,635,188,712
frame_1974.jpg,182,191,hand,1097,527,1279,718
frame_1974.jpg,198,191,hand,914,343,1112,534
frame_1974.jpg,220,225,hand,126,135,346,360
frame_1982.jpg,195,91,hand,1,625,196,716
frame_1982.jpg,242,327,hand,1033,366,1275,693
frame_1982.jpg,154,163,hand,919,373,1073,536
frame_1982.jpg,202,258,hand,94,301,296,559
frame_2059.jpg,259,168,hand,1,542,260,710
frame_2059.jpg,445,263,hand,794,72,1239,335
frame_2059.jpg,197,216,hand,936,352,1133,568
frame_2059.jpg,170,152,hand,308,214,478,366
frame_2070.jpg,225,157,hand,1,559,226,716
frame_2070.jpg,286,260,hand,993,407,1279,667
frame_2070.jpg,166,199,hand,876,354,1042,553
frame_2070.jpg,227,155,hand,342,127,569,282
frame_2093.jpg,214,142,hand,1,576,215,718
frame_2093.jpg,269,324,hand,1006,320,1275,644
frame_2093.jpg,172,210,hand,889,339,1061,549
frame_2093.jpg,282,222,hand,310,106,592,328
frame_2117.jpg,231,161,hand,1,557,232,718
frame_2117.jpg,250,327,hand,1029,294,1279,621
frame_2117.jpg,157,197,hand,906,330,1063,527
frame_2117.jpg,282,260,hand,344,174,626,434
frame_2119.jpg,231,161,hand,1,555,232,716
frame_2119.jpg,256,318,hand,1023,303,1279,621
frame_2119.jpg,182,210,hand,904,328,1086,538
frame_2119.jpg,279,247,hand,351,174,630,421
frame_2246.jpg,248,172,hand,5,546,253,718
frame_2246.jpg,216,329,hand,1063,277,1279,606
frame_2246.jpg,191,231,hand,927,299,1118,530
frame_2246.jpg,269,237,hand,315,131,584,368
frame_2250.jpg,252,165,hand,1,553,253,718
frame_2250.jpg,225,320,hand,1054,273,1279,593
frame_2250.jpg,178,227,hand,925,294,1103,521
frame_2250.jpg,276,231,hand,327,95,603,326
frame_2252.jpg,246,161,hand,1,551,247,712
frame_2252.jpg,237,320,hand,1042,269,1279,589
frame_2252.jpg,172,204,hand,914,296,1086,500
frame_2252.jpg,280,248,hand,327,91,607,339
frame_2257.jpg,244,161,hand,1,557,245,718
frame_2257.jpg,237,320,hand,1042,273,1279,593
frame_2257.jpg,164,214,hand,914,299,1078,513
frame_2257.jpg,299,233,hand,334,93,633,326
frame_2267.jpg,242,163,hand,3,553,245,716
frame_2267.jpg,235,329,hand,1044,260,1279,589
frame_2267.jpg,174,218,hand,908,299,1082,517
frame_2267.jpg,279,248,hand,366,125,645,373
frame_2291.jpg,235,169,hand,3,549,238,718
frame_2291.jpg,240,327,hand,1039,258,1279,585
frame_2291.jpg,176,204,hand,910,296,1086,500
frame_2291.jpg,284,271,hand,402,161,686,432
frame_2332.jpg,214,138,hand,3,578,217,716
frame_2332.jpg,602,363,hand,658,345,1260,708
frame_2332.jpg,225,282,hand,41,129,266,411
frame_2340.jpg,252,136,hand,1,580,253,716
frame_2340.jpg,498,297,hand,467,332,965,629
frame_2340.jpg,189,116,hand,923,375,1112,491
frame_2340.jpg,207,314,hand,12,235,219,549
frame_2451.jpg,161,91,hand,3,621,164,712
frame_2451.jpg,365,314,hand,914,4,1279,318
frame_2451.jpg,197,204,hand,853,349,1050,553
frame_2451.jpg,164,170,hand,238,273,402,443
frame_2475.jpg,170,115,hand,3,599,173,714
frame_2475.jpg,159,218,hand,1120,500,1279,718
frame_2475.jpg,199,208,hand,828,330,1027,538
frame_2475.jpg,244,186,hand,183,199,427,385
frame_2534.jpg,130,21,hand,77,697,207,718
frame_2534.jpg,498,360,hand,775,265,1273,625
frame_2534.jpg,185,123,hand,929,591,1114,714
frame_2534.jpg,203,152,hand,336,394,539,546
frame_2543.jpg,422,271,hand,399,447,821,718
frame_2543.jpg,208,174,hand,914,540,1122,714
frame_2543.jpg,159,146,hand,308,451,467,597
frame_2552.jpg,390,252,hand,391,466,781,718
frame_2552.jpg,212,229,hand,927,489,1139,718
frame_2552.jpg,201,176,hand,296,390,497,566
frame_2664.jpg,271,225,hand,472,341,743,566
frame_2664.jpg,221,250,hand,986,445,1207,695
frame_2664.jpg,142,176,hand,353,343,495,519
frame_0029.jpg,204,126,hand,635,219,839,345
frame_0029.jpg,238,117,hand,300,110,538,227
frame_0155.jpg,385,98,hand,609,615,994,713
frame_0155.jpg,198,125,hand,531,254,729,379
frame_0155.jpg,224,135,hand,323,255,547,390
frame_0163.jpg,389,101,hand,612,617,1001,718
frame_0163.jpg,204,118,hand,530,258,734,376
frame_0163.jpg,207,135,hand,337,255,544,390
frame_0164.jpg,412,117,hand,597,600,1009,717
frame_0164.jpg,206,118,hand,531,264,737,382
frame_0164.jpg,229,137,hand,321,259,550,396
frame_0165.jpg,418,137,hand,605,577,1023,714
frame_0165.jpg,218,120,hand,530,264,748,384
frame_0165.jpg,228,132,hand,319,256,547,388
frame_0239.jpg,400,205,hand,812,512,1212,717
frame_0239.jpg,219,133,hand,563,245,782,378
frame_0239.jpg,282,353,hand,315,270,597,623
frame_0242.jpg,401,208,hand,812,508,1213,716
frame_0242.jpg,214,125,hand,559,255,773,380
frame_0242.jpg,292,363,hand,300,258,592,621
frame_0243.jpg,407,215,hand,824,499,1231,714
frame_0243.jpg,217,133,hand,556,250,773,383
frame_0243.jpg,278,345,hand,303,252,581,597
frame_0247.jpg,355,288,hand,924,429,1279,717
frame_0247.jpg,221,125,hand,560,274,781,399
frame_0247.jpg,279,247,hand,284,156,563,403
frame_0296.jpg,638,261,hand,554,457,1192,718
frame_0296.jpg,246,135,hand,722,267,968,402
frame_0296.jpg,236,135,hand,506,248,742,383
frame_0313.jpg,563,277,hand,474,263,1037,540
frame_0313.jpg,146,149,hand,802,76,948,225
frame_0313.jpg,233,149,hand,542,41,775,190
frame_0354.jpg,658,433,hand,617,134,1275,567
frame_0354.jpg,241,128,hand,509,156,750,284
frame_0361.jpg,235,129,hand,670,234,905,363
frame_0361.jpg,240,140,hand,451,186,691,326
frame_0398.jpg,248,150,hand,825,230,1073,380
frame_0398.jpg,286,297,hand,357,202,643,499
frame_0410.jpg,230,147,hand,820,256,1050,403
frame_0410.jpg,273,301,hand,358,206,631,507
frame_0458.jpg,285,44,hand,901,672,1186,716
frame_0458.jpg,210,132,hand,655,293,865,425
frame_0458.jpg,307,248,hand,336,126,643,374
frame_0466.jpg,308,65,hand,854,651,1162,716
frame_0466.jpg,223,124,hand,629,274,852,398
frame_0466.jpg,313,302,hand,311,177,624,479
frame_0501.jpg,223,133,hand,742,278,965,411
frame_0501.jpg,314,289,hand,451,271,765,560
frame_0515.jpg,446,224,hand,510,494,956,718
frame_0515.jpg,229,135,hand,843,301,1072,436
frame_0515.jpg,274,132,hand,620,184,894,316
frame_0521.jpg,427,292,hand,474,421,901,713
frame_0521.jpg,239,140,hand,864,312,1103,452
frame_0521.jpg,267,138,hand,620,246,887,384
frame_0560.jpg,328,143,hand,951,573,1279,716
frame_0560.jpg,240,136,hand,753,320,993,456
frame_0560.jpg,265,241,hand,137,419,402,660
frame_0597.jpg,143,204,hand,1,514,144,718
frame_0597.jpg,320,231,hand,821,482,1141,713
frame_0597.jpg,239,129,hand,621,237,860,366
frame_0597.jpg,233,135,hand,414,206,647,341
frame_0620.jpg,198,195,hand,7,523,205,718
frame_0620.jpg,496,332,hand,407,386,903,718
frame_0620.jpg,219,120,hand,688,264,907,384
frame_0620.jpg,252,138,hand,457,221,709,359
frame_0635.jpg,257,190,hand,1,526,258,716
frame_0635.jpg,486,327,hand,481,386,967,713
frame_0635.jpg,241,135,hand,724,276,965,411
frame_0635.jpg,256,142,hand,496,227,752,369
frame_0639.jpg,241,196,hand,1,522,242,718
frame_0639.jpg,551,434,hand,724,284,1275,718
frame_0639.jpg,229,145,hand,505,226,734,371
frame_0689.jpg,190,315,hand,1,250,191,565
frame_0689.jpg,351,418,hand,928,296,1279,714
frame_0689.jpg,244,119,hand,688,3,932,122
frame_0689.jpg,86,35,hand,481,0,567,35
frame_0728.jpg,308,206,hand,754,510,1062,716
frame_0728.jpg,150,131,hand,569,243,719,374
frame_0728.jpg,318,252,hand,321,208,639,460
frame_0737.jpg,288,170,hand,754,544,1042,714
frame_0737.jpg,181,124,hand,538,279,719,403
frame_0737.jpg,337,291,hand,317,287,654,578
frame_0752.jpg,322,214,hand,715,503,1037,717
frame_0752.jpg,238,129,hand,440,208,678,337
frame_0752.jpg,248,146,hand,228,157,476,303
frame_0769.jpg,382,243,hand,798,470,1180,713
frame_0769.jpg,257,149,hand,501,177,758,326
frame_0769.jpg,249,145,hand,295,147,544,292
frame_0786.jpg,650,460,hand,583,252,1233,712
frame_0786.jpg,247,147,hand,523,95,770,242
frame_0786.jpg,279,158,hand,296,44,575,202
frame_0842.jpg,525,216,hand,601,502,1126,718
frame_0842.jpg,229,136,hand,511,205,740,341
frame_0842.jpg,266,152,hand,262,172,528,324
frame_0858.jpg,580,301,hand,526,417,1106,718
frame_0858.jpg,232,132,hand,521,209,753,341
frame_0858.jpg,266,158,hand,282,167,548,325
frame_0866.jpg,550,266,hand,522,450,1072,716
frame_0866.jpg,235,149,hand,547,202,782,351
frame_0866.jpg,284,144,hand,280,172,564,316
frame_0922.jpg,525,351,hand,525,357,1050,708
frame_0922.jpg,235,104,hand,514,263,749,367
frame_0922.jpg,267,144,hand,271,229,538,373
frame_1009.jpg,363,260,hand,722,458,1085,718
frame_1009.jpg,226,132,hand,496,317,722,449
frame_1009.jpg,223,130,hand,309,295,532,425
frame_1011.jpg,313,183,hand,754,535,1067,718
frame_1011.jpg,221,135,hand,505,313,726,448
frame_1011.jpg,221,129,hand,315,295,536,424
frame_1054.jpg,576,344,hand,680,349,1256,693
frame_1054.jpg,238,140,hand,546,155,784,295
frame_1054.jpg,242,147,hand,345,107,587,254
frame_1062.jpg,591,339,hand,637,379,1228,718
frame_1062.jpg,250,137,hand,515,144,765,281
frame_1062.jpg,250,148,hand,308,99,558,247
frame_1072.jpg,585,367,hand,565,350,1150,717
frame_1072.jpg,250,152,hand,463,86,713,238
frame_1072.jpg,263,161,hand,251,31,514,192
frame_1090.jpg,564,369,hand,594,349,1158,718
frame_1090.jpg,241,138,hand,493,126,734,264
frame_1090.jpg,241,152,hand,284,65,525,217
frame_1174.jpg,130,194,hand,1,520,131,714
frame_1174.jpg,377,265,hand,897,453,1274,718
frame_1174.jpg,227,136,hand,618,168,845,304
frame_1174.jpg,255,161,hand,398,49,653,210
frame_1194.jpg,90,69,hand,3,565,93,634
frame_1194.jpg,567,323,hand,613,341,1180,664
frame_1194.jpg,239,116,hand,596,225,835,341
frame_1194.jpg,232,134,hand,402,183,634,317
frame_1209.jpg,56,45,hand,5,593,61,638
frame_1209.jpg,565,326,hand,709,387,1274,713
frame_1209.jpg,233,137,hand,579,205,812,342
frame_1209.jpg,241,131,hand,368,180,609,311
frame_1215.jpg,100,170,hand,1,548,101,718
frame_1215.jpg,665,356,hand,489,358,1154,714
frame_1215.jpg,218,132,hand,618,197,836,329
frame_1215.jpg,245,130,hand,404,169,649,299
frame_1220.jpg,126,115,hand,5,572,131,687
frame_1220.jpg,600,317,hand,439,395,1039,712
frame_1220.jpg,214,132,hand,639,217,853,349
frame_1220.jpg,253,135,hand,407,181,660,316
frame_1285.jpg,152,434,hand,11,167,163,601
frame_1339.jpg,198,341,hand,5,295,203,636
frame_1339.jpg,360,360,hand,856,307,1216,667
frame_1339.jpg,292,111,hand,692,2,984,113
frame_1366.jpg,204,241,hand,1,477,205,718
frame_1366.jpg,312,220,hand,824,497,1136,717
frame_1366.jpg,236,142,hand,663,139,899,281
frame_1366.jpg,236,148,hand,426,126,662,274
frame_1380.jpg,188,138,hand,1,576,189,714
frame_1380.jpg,320,128,hand,860,590,1180,718
frame_1380.jpg,215,137,hand,642,242,857,379
frame_1380.jpg,230,136,hand,411,231,641,367
frame_1416.jpg,330,69,hand,18,648,348,717
frame_1416.jpg,215,138,hand,683,165,898,303
frame_1416.jpg,257,126,hand,431,175,688,301
frame_1429.jpg,273,109,hand,1,609,274,718
frame_1429.jpg,211,154,hand,663,88,874,242
frame_1429.jpg,254,125,hand,412,118,666,243
frame_1502.jpg,426,483,hand,7,107,433,590
frame_1502.jpg,508,319,hand,580,391,1088,710
frame_1537.jpg,421,194,hand,2,522,423,716
frame_1537.jpg,224,153,hand,686,48,910,201
frame_1537.jpg,248,131,hand,427,66,675,197
frame_1541.jpg,405,180,hand,19,537,424,717
frame_1541.jpg,230,147,hand,689,91,919,238
frame_1541.jpg,249,138,hand,437,95,686,233
frame_1547.jpg,391,144,hand,24,574,415,718
frame_1547.jpg,234,137,hand,704,130,938,267
frame_1547.jpg,248,129,hand,460,126,708,255
frame_1555.jpg,213,153,hand,1,565,214,718
frame_1555.jpg,233,149,hand,715,142,948,291
frame_1555.jpg,249,128,hand,460,144,709,272
frame_1570.jpg,70,12,hand,179,704,249,716
frame_1570.jpg,247,144,hand,709,194,956,338
frame_1570.jpg,242,113,hand,465,213,707,326
frame_1572.jpg,56,20,hand,170,698,226,718
frame_1572.jpg,235,141,hand,693,205,928,346
frame_1572.jpg,237,126,hand,455,210,692,336
frame_1578.jpg,222,33,hand,139,685,361,718
frame_1578.jpg,227,134,hand,696,208,923,342
frame_1578.jpg,236,115,hand,457,219,693,334
frame_1606.jpg,409,133,hand,1,580,410,713
frame_1606.jpg,226,130,hand,647,206,873,336
frame_1606.jpg,257,124,hand,386,216,643,340
frame_1620.jpg,406,106,hand,5,607,411,713
frame_1620.jpg,232,126,hand,658,206,890,332
frame_1620.jpg,238,121,hand,420,217,658,338
frame_1659.jpg,415,112,hand,42,606,457,718
frame_1659.jpg,244,127,hand,703,218,947,345
frame_1659.jpg,232,112,hand,480,218,712,330
frame_1674.jpg,463,142,hand,9,574,472,716
frame_1674.jpg,227,144,hand,649,227,876,371
frame_1674.jpg,231,123,hand,418,234,649,357
frame_1726.jpg,134,101,hand,5,582,139,683
frame_1726.jpg,227,135,hand,692,239,919,374
frame_1726.jpg,230,125,hand,457,234,687,359
frame_1734.jpg,236,130,hand,659,246,895,376
frame_1734.jpg,229,122,hand,437,239,666,361
frame_1755.jpg,228,139,hand,678,160,906,299
frame_1755.jpg,261,224,hand,192,65,453,289
frame_1812.jpg,226,130,hand,796,252,1022,382
frame_1812.jpg,215,118,hand,568,229,783,347
frame_1827.jpg,406,254,hand,1,464,407,718
frame_1827.jpg,237,149,hand,773,241,1010,390
frame_1827.jpg,234,126,hand,525,243,759,369
frame_1853.jpg,466,295,hand,7,419,473,714
frame_1853.jpg,228,148,hand,778,268,1006,416
frame_1853.jpg,245,140,hand,522,267,767,407
frame_1889.jpg,486,307,hand,2,395,488,702
frame_1889.jpg,253,153,hand,765,227,1018,380
frame_1889.jpg,233,134,hand,526,233,759,367
frame_1918.jpg,280,132,hand,844,586,1124,718
frame_1918.jpg,236,138,hand,667,260,903,398
frame_1918.jpg,202,125,hand,453,241,655,366
frame_1942.jpg,137,49,hand,117,669,254,718
frame_1942.jpg,267,153,hand,901,565,1168,718
frame_1942.jpg,237,135,hand,736,201,973,336
frame_1942.jpg,211,285,hand,195,179,406,464
frame_1957.jpg,140,34,hand,152,684,292,718
frame_1957.jpg,281,141,hand,923,577,1204,718
frame_1957.jpg,231,139,hand,757,210,988,349
frame_1957.jpg,238,327,hand,250,225,488,552
frame_1959.jpg,126,32,hand,164,685,290,717
frame_1959.jpg,276,132,hand,928,586,1204,718
frame_1959.jpg,233,132,hand,757,219,990,351
frame_1959.jpg,240,335,hand,249,221,489,556
frame_1962.jpg,124,30,hand,170,684,294,714
frame_1962.jpg,274,134,hand,920,584,1194,718
frame_1962.jpg,233,145,hand,755,221,988,366
frame_1962.jpg,239,359,hand,238,193,477,552
frame_2015.jpg,138,52,hand,148,665,286,717
frame_2015.jpg,297,142,hand,945,576,1242,718
frame_2015.jpg,233,147,hand,769,175,1002,322
frame_2015.jpg,232,132,hand,534,172,766,304
frame_2031.jpg,153,134,hand,3,287,156,421
frame_2031.jpg,346,199,hand,865,519,1211,718
frame_2031.jpg,233,149,hand,683,127,916,276
frame_2031.jpg,247,129,hand,433,142,680,271
frame_2130.jpg,315,218,hand,1,499,316,717
frame_2130.jpg,265,75,hand,967,642,1232,717
frame_2130.jpg,248,164,hand,771,219,1019,383
frame_2130.jpg,260,131,hand,514,231,774,362
frame_2132.jpg,366,276,hand,2,442,368,718
frame_2132.jpg,261,79,hand,968,638,1229,717
frame_2132.jpg,232,161,hand,774,237,1006,398
frame_2132.jpg,263,123,hand,518,246,781,369
frame_2188.jpg,183,187,hand,1,527,184,714
frame_2188.jpg,216,168,hand,737,355,953,523
frame_2188.jpg,238,133,hand,496,373,734,506
frame_2231.jpg,132,83,hand,201,635,333,718
frame_2231.jpg,179,59,hand,873,658,1052,717
frame_2231.jpg,188,124,hand,721,260,909,384
frame_2231.jpg,182,156,hand,242,151,424,307
frame_2234.jpg,127,68,hand,254,648,381,716
frame_2234.jpg,186,47,hand,919,671,1105,718
frame_2234.jpg,177,118,hand,759,270,936,388
frame_2234.jpg,207,199,hand,246,181,453,380
frame_2240.jpg,199,139,hand,786,303,985,442
frame_2240.jpg,215,196,hand,298,270,513,466
frame_2260.jpg,241,144,hand,691,262,932,406
frame_2260.jpg,282,313,hand,56,404,338,717
frame_2263.jpg,228,137,hand,721,272,949,409
frame_2263.jpg,276,335,hand,98,383,374,718
frame_2285.jpg,67,25,hand,335,693,402,718
frame_2285.jpg,229,146,hand,808,266,1037,412
frame_2285.jpg,230,137,hand,573,242,803,379
frame_2295.jpg,50,11,hand,327,706,377,717
frame_2295.jpg,232,138,hand,798,274,1030,412
frame_2295.jpg,214,132,hand,581,262,795,394
frame_2318.jpg,404,177,hand,60,540,464,717
frame_2318.jpg,240,147,hand,774,266,1014,413
frame_2318.jpg,223,128,hand,558,279,781,407
frame_2451.jpg,113,210,hand,1,376,114,586
frame_2451.jpg,282,194,hand,821,524,1103,718
frame_2451.jpg,239,137,hand,655,72,894,209
frame_2451.jpg,226,219,hand,155,37,381,256
frame_2459.jpg,111,221,hand,1,353,112,574
frame_2459.jpg,289,214,hand,819,504,1108,718
frame_2459.jpg,233,145,hand,664,52,897,197
frame_2459.jpg,220,230,hand,141,36,361,266
frame_2461.jpg,108,209,hand,2,344,110,553
frame_2461.jpg,281,228,hand,827,489,1108,717
frame_2461.jpg,223,136,hand,663,41,886,177
frame_2461.jpg,208,240,hand,146,27,354,267
frame_2518.jpg,253,150,hand,2,568,255,718
frame_2518.jpg,217,137,hand,771,276,988,413
frame_2518.jpg,191,226,hand,320,278,511,504
frame_2559.jpg,212,44,hand,138,673,350,717
frame_2559.jpg,235,161,hand,795,391,1030,552
frame_2559.jpg,239,130,hand,563,394,802,524
frame_2584.jpg,260,162,hand,738,254,998,416
frame_2584.jpg,235,133,hand,498,278,733,411
frame_2597.jpg,86,138,hand,6,574,92,712
frame_2597.jpg,333,187,hand,814,530,1147,717
frame_2597.jpg,283,147,hand,622,3,905,150
frame_2597.jpg,274,131,hand,338,3,612,134
frame_2621.jpg,131,20,hand,61,698,192,718
frame_2621.jpg,388,62,hand,835,652,1223,714
frame_2621.jpg,272,173,hand,762,131,1034,304
frame_2621.jpg,260,141,hand,497,147,757,288
frame_2626.jpg,294,146,hand,1,567,295,713
frame_2626.jpg,251,161,hand,784,165,1035,326
frame_2626.jpg,262,136,hand,522,168,784,304
frame_2645.jpg,402,232,hand,2,486,404,718
frame_2645.jpg,255,170,hand,717,200,972,370
frame_2645.jpg,258,140,hand,457,218,715,358
frame_2668.jpg,181,209,hand,3,504,184,713
frame_2668.jpg,254,160,hand,701,216,955,376
frame_2668.jpg,263,140,hand,432,247,695,387
frame_0003.jpg,263,316,hand,1,353,264,669
frame_0003.jpg,400,323,hand,728,268,1128,591
frame_0003.jpg,161,111,hand,733,185,894,296
frame_0003.jpg,204,149,hand,65,225,269,374
frame_0023.jpg,140,158,hand,5,98,145,256
frame_0023.jpg,314,204,hand,655,0,969,204
frame_0023.jpg,89,78,hand,595,4,684,82
frame_0023.jpg,175,134,hand,5,16,180,150
frame_0025.jpg,139,145,hand,6,140,145,285
frame_0025.jpg,239,255,hand,705,1,944,256
frame_0025.jpg,132,110,hand,582,2,714,112
frame_0025.jpg,153,132,hand,1,26,154,158
frame_0063.jpg,389,249,hand,577,378,966,627
frame_0063.jpg,156,123,hand,664,272,820,395
frame_0063.jpg,107,228,hand,1,224,108,452
frame_0082.jpg,359,317,hand,716,385,1075,702
frame_0082.jpg,152,153,hand,657,226,809,379
frame_0082.jpg,112,224,hand,1,215,113,439
frame_0117.jpg,349,312,hand,741,201,1090,513
frame_0117.jpg,183,181,hand,605,86,788,267
frame_0117.jpg,145,216,hand,3,76,148,292
frame_0132.jpg,544,274,hand,474,213,1018,487
frame_0132.jpg,114,74,hand,742,233,856,307
frame_0132.jpg,143,216,hand,2,161,145,377
frame_0134.jpg,519,252,hand,463,164,982,416
frame_0134.jpg,92,59,hand,770,192,862,251
frame_0134.jpg,147,213,hand,3,157,150,370
frame_0181.jpg,463,334,hand,585,136,1048,470
frame_0181.jpg,200,218,hand,1,150,201,368
frame_0192.jpg,583,182,hand,351,537,934,719
frame_0192.jpg,186,117,hand,598,101,784,218
frame_0192.jpg,165,218,hand,1,164,166,382
frame_0245.jpg,260,330,hand,2,311,262,641
frame_0245.jpg,356,106,hand,573,612,929,718
frame_0245.jpg,170,160,hand,855,310,1025,470
frame_0245.jpg,171,174,hand,179,257,350,431
frame_0251.jpg,363,245,hand,1,224,364,469
frame_0251.jpg,380,117,hand,582,601,962,718
frame_0251.jpg,173,178,hand,863,277,1036,455
frame_0251.jpg,144,32,hand,182,403,326,435
frame_0299.jpg,168,333,hand,1,250,169,583
frame_0299.jpg,431,158,hand,513,560,944,718
frame_0299.jpg,173,174,hand,813,250,986,424
frame_0299.jpg,223,174,hand,240,44,463,218
frame_0334.jpg,218,226,hand,1,352,219,578
frame_0334.jpg,447,167,hand,496,552,943,719
frame_0334.jpg,178,182,hand,795,239,973,421
frame_0334.jpg,227,220,hand,318,104,545,324
frame_0342.jpg,172,229,hand,3,342,175,571
frame_0342.jpg,454,168,hand,475,551,929,719
frame_0342.jpg,162,175,hand,788,239,950,414
frame_0342.jpg,247,220,hand,271,139,518,359
frame_0343.jpg,174,231,hand,3,342,177,573
frame_0343.jpg,447,179,hand,478,539,925,718
frame_0343.jpg,175,192,hand,780,229,955,421
frame_0343.jpg,245,221,hand,264,139,509,360
frame_0361.jpg,157,217,hand,2,331,159,548
frame_0361.jpg,474,184,hand,470,534,944,718
frame_0361.jpg,176,179,hand,778,224,954,403
frame_0361.jpg,292,242,hand,271,94,563,336
frame_0420.jpg,388,305,hand,1,232,389,537
frame_0420.jpg,288,24,hand,550,695,838,719
frame_0420.jpg,192,199,hand,842,267,1034,466
frame_0420.jpg,89,57,hand,76,392,165,449
frame_0422.jpg,382,350,hand,1,196,383,546
frame_0422.jpg,320,26,hand,538,693,858,719
frame_0422.jpg,188,203,hand,844,260,1032,463
frame_0436.jpg,380,288,hand,1,185,381,473
frame_0436.jpg,375,77,hand,520,642,895,719
frame_0436.jpg,194,206,hand,840,229,1034,435
frame_0436.jpg,118,68,hand,52,352,170,420
frame_0483.jpg,93,223,hand,6,411,99,634
frame_0483.jpg,337,61,hand,440,658,777,719
frame_0483.jpg,178,198,hand,780,247,958,445
frame_0483.jpg,259,235,hand,312,79,571,314
frame_0491.jpg,82,225,hand,1,398,83,623
frame_0491.jpg,328,63,hand,421,656,749,719
frame_0491.jpg,182,192,hand,762,256,944,448
frame_0491.jpg,263,244,hand,344,119,607,363
frame_0522.jpg,620,256,hand,488,460,1108,716
frame_0522.jpg,177,185,hand,716,275,893,460
frame_0522.jpg,126,224,hand,1,187,127,411
frame_0562.jpg,401,252,hand,510,162,911,414
frame_0562.jpg,142,82,hand,682,349,824,431
frame_0562.jpg,18,41,hand,1,309,19,350
frame_0594.jpg,171,179,hand,662,281,833,460
frame_0594.jpg,45,163,hand,6,161,51,324
frame_0610.jpg,168,200,hand,631,245,799,445
frame_0610.jpg,193,190,hand,1,68,194,258
frame_0627.jpg,171,163,hand,634,186,805,349
frame_0627.jpg,206,179,hand,2,40,208,219
frame_0650.jpg,181,169,hand,657,238,838,407
frame_0650.jpg,252,217,hand,290,34,542,251
frame_0764.jpg,419,265,hand,30,167,449,432
frame_0764.jpg,187,189,hand,834,203,1021,392
frame_0764.jpg,177,94,hand,74,105,251,199
frame_0839.jpg,328,254,hand,8,283,336,537
frame_0839.jpg,193,171,hand,855,231,1048,402
frame_0839.jpg,169,160,hand,152,182,321,342
frame_0885.jpg,101,154,hand,3,338,104,492
frame_0885.jpg,285,56,hand,463,663,748,719
frame_0885.jpg,178,168,hand,766,192,944,360
frame_0934.jpg,163,173,hand,607,222,770,395
frame_0934.jpg,302,207,hand,184,32,486,239
frame_0938.jpg,168,177,hand,605,239,773,416
frame_0938.jpg,289,122,hand,104,1,393,123
frame_0956.jpg,513,248,hand,378,161,891,409
frame_0956.jpg,139,74,hand,656,361,795,435
frame_0956.jpg,101,231,hand,1,176,102,407
frame_0996.jpg,410,256,hand,385,179,795,435
frame_0996.jpg,46,22,hand,646,384,692,406
frame_0996.jpg,89,122,hand,1,79,90,201
frame_1019.jpg,361,234,hand,451,194,812,428
frame_1019.jpg,103,65,hand,648,373,751,438
frame_1019.jpg,219,127,hand,255,55,474,182
frame_1061.jpg,163,173,hand,574,286,737,459
frame_1061.jpg,283,227,hand,138,133,421,360
frame_1100.jpg,161,183,hand,613,267,774,450
frame_1100.jpg,267,235,hand,276,83,543,318
frame_1130.jpg,169,176,hand,614,258,783,434
frame_1130.jpg,297,270,hand,278,121,575,391
frame_1169.jpg,202,216,hand,684,435,886,651
frame_1169.jpg,71,241,hand,2,290,73,531
frame_1178.jpg,185,193,hand,566,417,751,610
frame_1190.jpg,476,317,hand,112,181,588,498
frame_1190.jpg,89,111,hand,510,410,599,521
frame_1228.jpg,342,235,hand,542,161,884,396
frame_1228.jpg,170,190,hand,688,345,858,535
frame_1228.jpg,105,235,hand,1,143,106,378
frame_1234.jpg,349,221,hand,549,193,898,414
frame_1234.jpg,159,156,hand,695,350,854,506
frame_1234.jpg,112,231,hand,1,137,113,368
frame_1245.jpg,328,238,hand,552,130,880,368
frame_1245.jpg,171,174,hand,703,313,874,487
frame_1245.jpg,125,253,hand,1,107,126,360
frame_1251.jpg,293,235,hand,520,218,813,453
frame_1251.jpg,124,145,hand,689,392,813,537
frame_1251.jpg,105,242,hand,8,157,113,399
frame_1271.jpg,447,207,hand,752,512,1199,719
frame_1271.jpg,159,177,hand,625,378,784,555
frame_1271.jpg,189,167,hand,1,37,190,204
frame_1320.jpg,362,107,hand,375,612,737,719
frame_1320.jpg,166,169,hand,628,265,794,434
frame_1320.jpg,288,194,hand,182,57,470,251
frame_1343.jpg,356,103,hand,447,616,803,719
frame_1343.jpg,168,174,hand,670,253,838,427
frame_1343.jpg,316,213,hand,208,115,524,328
frame_1449.jpg,375,115,hand,392,603,767,718
frame_1449.jpg,167,160,hand,641,243,808,403
frame_1449.jpg,302,234,hand,190,107,492,341
frame_1458.jpg,131,42,hand,522,677,653,719
frame_1458.jpg,170,168,hand,631,309,801,477
frame_1458.jpg,284,226,hand,176,105,460,331
frame_1465.jpg,114,31,hand,568,688,682,719
frame_1465.jpg,177,172,hand,638,320,815,492
frame_1465.jpg,287,242,hand,95,68,382,310
frame_1479.jpg,143,31,hand,566,687,709,718
frame_1479.jpg,174,178,hand,664,299,838,477
frame_1479.jpg,325,260,hand,115,139,440,399
frame_1559.jpg,23,137,hand,1,450,24,587
frame_1559.jpg,203,57,hand,600,662,803,719
frame_1559.jpg,171,168,hand,731,285,902,453
frame_1559.jpg,325,304,hand,49,151,374,455
frame_1572.jpg,15,43,hand,1,474,16,517
frame_1572.jpg,337,67,hand,486,652,823,719
frame_1572.jpg,177,180,hand,721,270,898,450
frame_1572.jpg,299,290,hand,98,142,397,432
frame_1573.jpg,14,36,hand,1,478,15,514
frame_1573.jpg,332,70,hand,490,649,822,719
frame_1573.jpg,167,179,hand,727,267,894,446
frame_1573.jpg,299,289,hand,98,146,397,435
frame_1603.jpg,26,131,hand,1,407,27,538
frame_1603.jpg,377,113,hand,492,606,869,719
frame_1603.jpg,165,181,hand,733,236,898,417
frame_1603.jpg,300,91,hand,1,2,301,93
frame_1640.jpg,536,320,hand,549,256,1085,576
frame_1649.jpg,593,302,hand,522,307,1115,609
frame_1668.jpg,584,311,hand,463,313,1047,624
frame_1668.jpg,149,44,hand,599,278,748,322
frame_1684.jpg,580,328,hand,541,288,1121,616
frame_1684.jpg,19,27,hand,1,378,20,405
frame_1687.jpg,631,342,hand,488,374,1119,716
frame_1687.jpg,165,120,hand,687,271,852,391
frame_1687.jpg,34,143,hand,6,274,40,417
frame_1710.jpg,68,248,hand,2,357,70,605
frame_1710.jpg,427,128,hand,510,590,937,718
frame_1710.jpg,164,171,hand,749,235,913,406
frame_1710.jpg,212,185,hand,9,66,221,251
frame_1726.jpg,107,230,hand,1,347,108,577
frame_1726.jpg,412,128,hand,553,590,965,718
frame_1726.jpg,181,191,hand,778,208,959,399
frame_1726.jpg,219,190,hand,97,132,316,322
frame_1735.jpg,106,257,hand,3,341,109,598
frame_1735.jpg,444,146,hand,545,573,989,719
frame_1735.jpg,174,162,hand,780,222,954,384
frame_1735.jpg,234,201,hand,67,105,301,306
frame_1850.jpg,76,224,hand,1,368,77,592
frame_1850.jpg,479,288,hand,528,197,1007,485
frame_1850.jpg,165,215,hand,3,245,168,460
frame_1867.jpg,434,345,hand,244,125,678,470
frame_1895.jpg,490,346,hand,369,288,859,634
frame_1895.jpg,91,269,hand,2,272,93,541
frame_1932.jpg,17,41,hand,5,300,22,341
frame_1932.jpg,541,349,hand,438,181,979,530
frame_1932.jpg,204,123,hand,1,0,205,123
frame_1963.jpg,470,284,hand,642,15,1112,299
frame_1963.jpg,159,178,hand,706,306,865,484
frame_1963.jpg,16,42,hand,1,317,17,359
frame_1984.jpg,41,198,hand,3,353,44,551
frame_1984.jpg,438,307,hand,638,310,1076,617
frame_1984.jpg,244,239,hand,127,153,371,392
frame_1994.jpg,61,222,hand,2,336,63,558
frame_1994.jpg,417,273,hand,734,445,1151,718
frame_1994.jpg,181,186,hand,767,245,948,431
frame_1994.jpg,231,241,hand,166,94,397,335
frame_2004.jpg,69,234,hand,5,367,74,601
frame_2004.jpg,420,231,hand,713,487,1133,718
frame_2004.jpg,177,172,hand,759,267,936,439
frame_2004.jpg,288,318,hand,177,121,465,439
frame_2036.jpg,66,169,hand,1,322,67,491
frame_2036.jpg,461,291,hand,726,428,1187,719
frame_2036.jpg,180,172,hand,758,217,938,389
frame_2036.jpg,308,274,hand,145,143,453,417
frame_2038.jpg,57,204,hand,2,313,59,517
frame_2038.jpg,472,312,hand,717,407,1189,719
frame_2038.jpg,186,168,hand,748,217,934,385
frame_2038.jpg,332,272,hand,133,139,465,411
frame_2057.jpg,110,248,hand,1,289,111,537
frame_2057.jpg,617,445,hand,589,146,1206,591
frame_2057.jpg,158,231,hand,5,69,163,300
frame_2107.jpg,501,349,hand,289,142,790,491
frame_2107.jpg,29,118,hand,2,108,31,226
frame_2168.jpg,539,335,hand,351,61,890,396
frame_2168.jpg,153,93,hand,681,299,834,392
frame_2173.jpg,509,323,hand,390,69,899,392
frame_2173.jpg,150,91,hand,695,311,845,402
frame_2211.jpg,527,313,hand,396,61,923,374
frame_2211.jpg,103,50,hand,744,327,847,377
frame_2244.jpg,85,252,hand,9,299,94,551
frame_2244.jpg,550,305,hand,461,123,1011,428
frame_2244.jpg,120,65,hand,823,363,943,428
frame_2244.jpg,170,220,hand,5,43,175,263
frame_2254.jpg,71,246,hand,2,285,73,531
frame_2254.jpg,486,310,hand,407,117,893,427
frame_2254.jpg,130,95,hand,774,307,904,402
frame_2254.jpg,139,232,hand,1,25,140,257
frame_2271.jpg,35,206,hand,3,327,38,533
frame_2271.jpg,421,299,hand,314,153,735,452
frame_2271.jpg,93,230,hand,1,69,94,299
frame_2308.jpg,140,222,hand,1,366,141,588
frame_2308.jpg,354,268,hand,392,201,746,469
frame_2308.jpg,188,206,hand,2,32,190,238
frame_2313.jpg,379,268,hand,426,66,805,334
frame_2313.jpg,150,158,hand,709,297,859,455
frame_2313.jpg,226,215,hand,13,66,239,281
frame_2314.jpg,381,250,hand,478,53,859,303
frame_2314.jpg,151,160,hand,682,303,833,463
frame_2314.jpg,244,211,hand,3,61,247,272
frame_2387.jpg,62,218,hand,1,349,63,567
frame_2387.jpg,502,326,hand,673,393,1175,719
frame_2387.jpg,160,165,hand,734,228,894,393
frame_2387.jpg,218,215,hand,247,59,465,274
frame_2417.jpg,67,214,hand,9,331,76,545
frame_2417.jpg,473,333,hand,698,385,1171,718
frame_2417.jpg,161,163,hand,744,226,905,389
frame_2417.jpg,247,207,hand,214,85,461,292
frame_2429.jpg,57,213,hand,5,317,62,530
frame_2429.jpg,464,338,hand,678,381,1142,719
frame_2429.jpg,165,153,hand,723,222,888,375
frame_2429.jpg,262,157,hand,116,0,378,157
frame_2455.jpg,37,148,hand,1,373,38,521
frame_2455.jpg,511,382,hand,638,329,1149,711
frame_2455.jpg,153,69,hand,712,281,865,350
frame_2470.jpg,487,308,hand,454,218,941,526
frame_2470.jpg,46,25,hand,705,423,751,448
frame_2476.jpg,487,352,hand,355,231,842,583
frame_2516.jpg,114,209,hand,5,361,119,570
frame_2516.jpg,482,262,hand,611,457,1093,719
frame_2516.jpg,156,153,hand,756,257,912,410
frame_2516.jpg,150,146,hand,5,8,155,154
frame_2567.jpg,30,161,hand,5,338,35,499
frame_2567.jpg,555,340,hand,568,378,1123,718
frame_2567.jpg,164,162,hand,688,222,852,384
frame_2567.jpg,299,213,hand,246,0,545,213
frame_2576.jpg,28,45,hand,1,443,29,488
frame_2576.jpg,466,323,hand,542,396,1008,719
frame_2576.jpg,152,165,hand,670,251,822,416
frame_2581.jpg,9,38,hand,3,469,12,507
frame_2581.jpg,422,309,hand,553,409,975,718
frame_2581.jpg,171,171,hand,664,257,835,428
frame_2581.jpg,273,214,hand,237,76,510,290
frame_2601.jpg,362,281,hand,554,438,916,719
frame_2601.jpg,164,173,hand,655,293,819,466
frame_2601.jpg,283,231,hand,216,115,499,346
frame_2643.jpg,438,332,hand,542,386,980,718
frame_2643.jpg,169,174,hand,639,242,808,416
frame_2643.jpg,257,261,hand,290,137,547,398
frame_2648.jpg,423,341,hand,545,378,968,719
frame_2648.jpg,161,163,hand,630,251,791,414
frame_2648.jpg,283,254,hand,253,130,536,384
frame_2698.jpg,474,352,hand,585,367,1059,719
frame_2698.jpg,171,145,hand,685,254,856,399
frame_2698.jpg,45,249,hand,6,179,51,428
frame_0032.jpg,126,68,hand,494,262,620,330
frame_0032.jpg,189,208,hand,333,258,522,466
frame_0085.jpg,108,91,hand,604,272,712,363
frame_0085.jpg,134,90,hand,505,296,639,386
frame_0093.jpg,364,149,hand,658,565,1022,714
frame_0093.jpg,148,86,hand,605,281,753,367
frame_0093.jpg,150,90,hand,485,297,635,387
frame_0096.jpg,347,227,hand,679,487,1026,714
frame_0096.jpg,167,85,hand,645,314,812,399
frame_0096.jpg,158,91,hand,473,304,631,395
frame_0124.jpg,301,232,hand,646,441,947,673
frame_0124.jpg,170,102,hand,653,288,823,390
frame_0124.jpg,177,114,hand,472,241,649,355
frame_0145.jpg,129,30,hand,741,688,870,718
frame_0145.jpg,173,107,hand,473,284,646,391
frame_0145.jpg,183,122,hand,287,256,470,378
frame_0204.jpg,207,83,hand,695,635,902,718
frame_0204.jpg,227,164,hand,645,334,872,498
frame_0204.jpg,188,127,hand,278,242,466,369
frame_0262.jpg,300,176,hand,693,541,993,717
frame_0262.jpg,163,119,hand,544,250,707,369
frame_0262.jpg,155,145,hand,255,226,410,371
frame_0263.jpg,297,194,hand,692,523,989,717
frame_0263.jpg,154,118,hand,551,247,705,365
frame_0263.jpg,157,144,hand,253,226,410,370
frame_0321.jpg,174,108,hand,662,210,836,318
frame_0321.jpg,177,213,hand,333,202,510,415
frame_0342.jpg,181,91,hand,705,217,886,308
frame_0342.jpg,167,229,hand,360,204,527,433
frame_0350.jpg,188,95,hand,719,230,907,325
frame_0350.jpg,126,149,hand,399,201,525,350
frame_0374.jpg,260,221,hand,627,363,887,584
frame_0374.jpg,193,77,hand,693,281,886,358
frame_0374.jpg,132,147,hand,404,223,536,370
frame_0383.jpg,233,231,hand,620,413,853,644
frame_0383.jpg,181,94,hand,729,272,910,366
frame_0383.jpg,124,152,hand,436,223,560,375
frame_0403.jpg,228,213,hand,630,390,858,603
frame_0403.jpg,172,93,hand,744,268,916,361
frame_0403.jpg,115,143,hand,444,222,559,365
frame_0425.jpg,179,104,hand,678,222,857,326
frame_0425.jpg,141,135,hand,423,194,564,329
frame_0437.jpg,187,99,hand,670,206,857,305
frame_0437.jpg,139,112,hand,426,168,565,280
frame_0439.jpg,182,99,hand,662,206,844,305
frame_0439.jpg,135,129,hand,428,193,563,322
frame_0462.jpg,175,105,hand,646,248,821,353
frame_0462.jpg,140,157,hand,374,223,514,380
frame_0504.jpg,177,98,hand,651,275,828,373
frame_0504.jpg,171,140,hand,427,230,598,370
frame_0530.jpg,182,101,hand,653,260,835,361
frame_0530.jpg,157,200,hand,358,245,515,445
frame_0604.jpg,401,215,hand,617,502,1018,717
frame_0604.jpg,162,116,hand,641,250,803,366
frame_0604.jpg,172,112,hand,389,233,561,345
frame_0657.jpg,223,187,hand,649,413,872,600
frame_0657.jpg,165,125,hand,869,350,1034,475
frame_0657.jpg,172,109,hand,602,198,774,307
frame_0677.jpg,165,118,hand,777,342,942,460
frame_0677.jpg,159,103,hand,494,186,653,289
frame_0686.jpg,158,120,hand,736,283,894,403
frame_0686.jpg,166,109,hand,397,155,563,264
frame_0688.jpg,149,119,hand,728,267,877,386
frame_0688.jpg,173,106,hand,371,136,544,242
frame_0695.jpg,126,16,hand,267,701,393,717
frame_0695.jpg,129,20,hand,587,698,716,718
frame_0695.jpg,160,126,hand,692,177,852,303
frame_0695.jpg,176,119,hand,327,66,503,185
frame_0745.jpg,285,95,hand,205,623,490,718
frame_0745.jpg,154,116,hand,720,142,874,258
frame_0745.jpg,152,148,hand,406,49,558,197
frame_0747.jpg,267,89,hand,221,629,488,718
frame_0747.jpg,149,112,hand,725,156,874,268
frame_0747.jpg,172,157,hand,407,60,579,217
frame_0751.jpg,250,60,hand,226,654,476,714
frame_0751.jpg,149,108,hand,724,173,873,281
frame_0751.jpg,157,147,hand,415,80,572,227
frame_0771.jpg,105,12,hand,338,706,443,718
frame_0771.jpg,152,106,hand,716,222,868,328
frame_0771.jpg,172,170,hand,337,131,509,301
frame_0840.jpg,151,105,hand,736,245,887,350
frame_0840.jpg,157,169,hand,435,151,592,320
frame_0856.jpg,150,116,hand,726,241,876,357
frame_0856.jpg,184,215,hand,463,159,647,374
frame_0910.jpg,149,108,hand,705,226,854,334
frame_0910.jpg,210,185,hand,440,27,650,212
frame_0919.jpg,284,247,hand,568,321,852,568
frame_0919.jpg,127,122,hand,808,281,935,403
frame_0919.jpg,125,96,hand,564,242,689,338
frame_0944.jpg,212,168,hand,617,366,829,534
frame_0944.jpg,157,132,hand,893,337,1050,469
frame_0944.jpg,150,115,hand,654,271,804,386
frame_0949.jpg,219,177,hand,622,334,841,511
frame_0949.jpg,159,109,hand,907,332,1066,441
frame_0949.jpg,113,48,hand,668,289,781,337
frame_1027.jpg,160,118,hand,721,297,881,415
frame_1027.jpg,179,212,hand,323,291,502,503
frame_1030.jpg,166,126,hand,711,293,877,419
frame_1030.jpg,177,203,hand,311,295,488,498
frame_1059.jpg,158,119,hand,699,238,857,357
frame_1059.jpg,190,160,hand,238,243,428,403
frame_1138.jpg,417,307,hand,693,407,1110,714
frame_1138.jpg,169,120,hand,605,209,774,329
frame_1138.jpg,155,133,hand,315,180,470,313
frame_1184.jpg,190,28,hand,179,688,369,716
frame_1184.jpg,96,17,hand,646,701,742,718
frame_1184.jpg,146,118,hand,646,185,792,303
frame_1184.jpg,161,165,hand,311,156,472,321
frame_1203.jpg,247,81,hand,222,635,469,716
frame_1203.jpg,310,121,hand,703,597,1013,718
frame_1203.jpg,156,108,hand,700,180,856,288
frame_1203.jpg,175,202,hand,402,165,577,367
frame_1267.jpg,406,252,hand,740,396,1146,648
frame_1267.jpg,172,124,hand,630,217,802,341
frame_1267.jpg,166,126,hand,368,181,534,307
frame_1277.jpg,398,248,hand,740,412,1138,660
frame_1277.jpg,164,123,hand,626,221,790,344
frame_1277.jpg,153,136,hand,365,189,518,325
frame_1310.jpg,176,9,hand,240,709,416,718
frame_1310.jpg,487,322,hand,784,307,1271,629
frame_1310.jpg,177,125,hand,709,208,886,333
frame_1310.jpg,161,133,hand,455,172,616,305
frame_1322.jpg,492,350,hand,626,333,1118,683
frame_1322.jpg,168,111,hand,748,222,916,333
frame_1322.jpg,161,119,hand,484,181,645,300
frame_1345.jpg,184,17,hand,269,701,453,718
frame_1345.jpg,519,332,hand,634,376,1153,708
frame_1345.jpg,182,123,hand,734,206,916,329
frame_1345.jpg,157,129,hand,486,168,643,297
frame_1366.jpg,421,271,hand,660,421,1081,692
frame_1366.jpg,176,160,hand,722,198,898,358
frame_1366.jpg,153,155,hand,474,169,627,324
frame_1433.jpg,214,39,hand,143,679,357,718
frame_1433.jpg,169,153,hand,646,168,815,321
frame_1433.jpg,182,106,hand,455,90,637,196
frame_1476.jpg,218,48,hand,152,669,370,717
frame_1476.jpg,241,54,hand,616,664,857,718
frame_1476.jpg,176,173,hand,627,181,803,354
frame_1476.jpg,182,103,hand,435,205,617,308
frame_1477.jpg,216,40,hand,158,677,374,717
frame_1477.jpg,230,51,hand,620,667,850,718
frame_1477.jpg,170,174,hand,624,184,794,358
frame_1477.jpg,186,104,hand,432,209,618,313
frame_1484.jpg,194,17,hand,171,701,365,718
frame_1484.jpg,165,30,hand,656,687,821,717
frame_1484.jpg,170,180,hand,612,219,782,399
frame_1484.jpg,186,102,hand,432,226,618,328
frame_1533.jpg,391,68,hand,688,644,1079,712
frame_1533.jpg,177,136,hand,647,242,824,378
frame_1533.jpg,144,135,hand,466,230,610,365
frame_1535.jpg,153,21,hand,262,697,415,718
frame_1535.jpg,499,223,hand,687,493,1186,716
frame_1535.jpg,181,136,hand,638,233,819,369
frame_1535.jpg,144,139,hand,472,218,616,357
frame_1580.jpg,176,136,hand,572,251,748,387
frame_1580.jpg,148,139,hand,387,241,535,380
frame_1663.jpg,129,23,hand,374,695,503,718
frame_1663.jpg,439,234,hand,666,483,1105,717
frame_1663.jpg,186,116,hand,716,229,902,345
frame_1663.jpg,166,124,hand,551,179,717,303
frame_1707.jpg,130,22,hand,470,696,600,718
frame_1707.jpg,295,238,hand,606,305,901,543
frame_1707.jpg,176,142,hand,849,246,1025,388
frame_1707.jpg,147,140,hand,616,176,763,316
frame_1745.jpg,207,53,hand,279,664,486,717
frame_1745.jpg,155,28,hand,783,689,938,717
frame_1745.jpg,177,133,hand,704,192,881,325
frame_1745.jpg,139,154,hand,492,163,631,317
frame_1768.jpg,171,34,hand,193,684,364,718
frame_1768.jpg,254,41,hand,610,677,864,718
frame_1768.jpg,156,141,hand,729,245,885,386
frame_1768.jpg,147,152,hand,414,181,561,333
frame_1769.jpg,184,26,hand,180,692,364,718
frame_1769.jpg,256,42,hand,606,676,862,718
frame_1769.jpg,162,132,hand,721,252,883,384
frame_1769.jpg,160,157,hand,404,171,564,328
frame_1770.jpg,177,28,hand,185,688,362,716
frame_1770.jpg,254,45,hand,600,673,854,718
frame_1770.jpg,163,130,hand,717,254,880,384
frame_1770.jpg,149,153,hand,402,179,551,332
frame_1832.jpg,160,21,hand,821,697,981,718
frame_1832.jpg,158,125,hand,736,225,894,350
frame_1832.jpg,155,152,hand,558,201,713,353
frame_1835.jpg,365,101,hand,893,613,1258,714
frame_1835.jpg,164,119,hand,755,238,919,357
frame_1835.jpg,168,150,hand,576,205,744,355
frame_1876.jpg,78,16,hand,400,702,478,718
frame_1876.jpg,315,193,hand,658,248,973,441
frame_1876.jpg,119,56,hand,815,227,934,283
frame_1876.jpg,145,142,hand,587,192,732,334
frame_1887.jpg,78,38,hand,348,679,426,717
frame_1887.jpg,156,119,hand,724,225,880,344
frame_1887.jpg,157,150,hand,546,186,703,336
frame_1906.jpg,174,30,hand,663,687,837,717
frame_1906.jpg,163,128,hand,627,210,790,338
frame_1906.jpg,160,148,hand,448,210,608,358
frame_1915.jpg,209,43,hand,643,675,852,718
frame_1915.jpg,161,113,hand,629,229,790,342
frame_1915.jpg,162,132,hand,451,214,613,346
frame_2006.jpg,323,197,hand,560,465,883,662
frame_2006.jpg,152,123,hand,631,345,783,468
frame_2006.jpg,143,165,hand,436,304,579,469
frame_2028.jpg,266,196,hand,646,407,912,603
frame_2028.jpg,165,142,hand,642,297,807,439
frame_2028.jpg,142,165,hand,455,262,597,427
frame_2035.jpg,325,189,hand,689,388,1014,577
frame_2035.jpg,166,131,hand,642,281,808,412
frame_2035.jpg,145,173,hand,447,246,592,419
frame_2037.jpg,356,233,hand,737,431,1093,664
frame_2037.jpg,153,149,hand,645,293,798,442
frame_2037.jpg,149,164,hand,447,251,596,415
frame_2044.jpg,152,146,hand,634,278,786,424
frame_2044.jpg,145,157,hand,443,239,588,396
frame_2045.jpg,144,151,hand,630,272,774,423
frame_2045.jpg,134,153,hand,441,235,575,388
frame_2066.jpg,257,174,hand,667,396,924,570
frame_2066.jpg,146,131,hand,658,271,804,402
frame_2066.jpg,141,157,hand,464,242,605,399
frame_2103.jpg,110,21,hand,174,697,284,718
frame_2103.jpg,209,19,hand,680,698,889,717
frame_2103.jpg,155,158,hand,591,188,746,346
frame_2103.jpg,226,213,hand,338,163,564,376
frame_2138.jpg,131,151,hand,610,241,741,392
frame_2138.jpg,204,277,hand,400,225,604,502
frame_2144.jpg,144,145,hand,592,242,736,387
frame_2144.jpg,179,279,hand,400,231,579,510
frame_2147.jpg,157,147,hand,583,248,740,395
frame_2147.jpg,172,274,hand,399,246,571,520
frame_2160.jpg,157,151,hand,584,241,741,392
frame_2160.jpg,176,286,hand,411,266,587,552
frame_2198.jpg,132,149,hand,608,231,740,380
frame_2198.jpg,208,250,hand,400,219,608,469
frame_2199.jpg,137,152,hand,605,234,742,386
frame_2199.jpg,206,246,hand,410,229,616,475
frame_2223.jpg,110,149,hand,630,238,740,387
frame_2223.jpg,232,270,hand,447,234,679,504
frame_2243.jpg,164,150,hand,565,221,729,371
frame_2243.jpg,148,183,hand,217,11,365,194
frame_2269.jpg,158,149,hand,576,235,734,384
frame_2269.jpg,134,132,hand,195,255,329,387
frame_2292.jpg,108,153,hand,637,148,745,301
frame_2292.jpg,146,114,hand,346,179,492,293
frame_2405.jpg,161,135,hand,687,321,848,456
frame_2405.jpg,174,157,hand,490,320,664,477
frame_2445.jpg,91,68,hand,682,0,773,68
frame_2445.jpg,149,169,hand,398,329,547,498
frame_2466.jpg,79,94,hand,667,0,746,94
frame_2466.jpg,144,170,hand,391,320,535,490
frame_2472.jpg,318,51,hand,678,665,996,716
frame_2472.jpg,88,113,hand,691,0,779,113
frame_2472.jpg,142,167,hand,419,320,561,487
frame_2476.jpg,418,208,hand,662,508,1080,716
frame_2476.jpg,153,168,hand,424,322,577,490
frame_2476.jpg,84,115,hand,707,4,791,119
frame_2509.jpg,106,122,hand,651,4,757,126
frame_2509.jpg,146,168,hand,386,321,532,489
frame_2521.jpg,400,198,hand,617,520,1017,718
frame_2521.jpg,106,128,hand,653,3,759,131
frame_2521.jpg,142,168,hand,393,329,535,497
frame_2565.jpg,301,142,hand,683,576,984,718
frame_2565.jpg,120,186,hand,749,10,869,196
frame_2565.jpg,136,172,hand,481,355,617,527
frame_2584.jpg,389,194,hand,700,507,1089,701
frame_2584.jpg,107,185,hand,680,48,787,233
frame_2584.jpg,146,175,hand,448,421,594,596
frame_2585.jpg,399,202,hand,693,494,1092,696
frame_2585.jpg,108,194,hand,679,36,787,230
frame_2585.jpg,143,179,hand,448,413,591,592
frame_2590.jpg,388,199,hand,711,501,1099,700
frame_2590.jpg,118,199,hand,660,31,778,230
frame_2590.jpg,155,179,hand,432,407,587,586
frame_2591.jpg,375,191,hand,716,497,1091,688
frame_2591.jpg,120,183,hand,659,43,779,226
frame_2591.jpg,147,172,hand,430,409,577,581
frame_2605.jpg,358,196,hand,717,504,1075,700
frame_2605.jpg,132,165,hand,645,49,777,214
frame_2605.jpg,141,177,hand,418,390,559,567
frame_2620.jpg,363,198,hand,703,504,1066,702
frame_2620.jpg,123,177,hand,643,33,766,210
frame_2620.jpg,145,168,hand,416,387,561,555
frame_0040.jpg,270,146,hand,690,573,960,719
frame_0040.jpg,131,142,hand,808,315,939,457
frame_0040.jpg,162,144,hand,468,321,630,465
frame_0073.jpg,165,178,hand,710,415,875,593
frame_0073.jpg,139,113,hand,425,333,564,446
frame_0099.jpg,143,102,hand,582,374,725,476
frame_0099.jpg,116,126,hand,307,386,423,512
frame_0121.jpg,130,102,hand,606,385,736,487
frame_0121.jpg,124,103,hand,312,409,436,512
frame_0132.jpg,130,89,hand,607,353,737,442
frame_0132.jpg,110,103,hand,306,264,416,367
frame_0133.jpg,133,92,hand,593,346,726,438
frame_0133.jpg,112,115,hand,290,243,402,358
frame_0142.jpg,142,104,hand,624,336,766,440
frame_0142.jpg,158,117,hand,357,280,515,397
frame_0199.jpg,155,104,hand,664,323,819,427
frame_0199.jpg,178,151,hand,398,232,576,383
frame_0207.jpg,154,104,hand,668,391,822,495
frame_0207.jpg,172,173,hand,421,328,593,501
frame_0283.jpg,198,221,hand,542,384,740,605
frame_0283.jpg,145,104,hand,774,310,919,414
frame_0283.jpg,143,97,hand,621,282,764,379
frame_0299.jpg,144,87,hand,686,239,830,326
frame_0299.jpg,150,95,hand,518,213,668,308
frame_0325.jpg,136,96,hand,551,367,687,463
frame_0325.jpg,172,162,hand,172,409,344,571
frame_0348.jpg,140,92,hand,634,409,774,501
frame_0348.jpg,130,92,hand,474,402,604,494
frame_0445.jpg,154,100,hand,631,259,785,359
frame_0445.jpg,198,172,hand,324,207,522,379
frame_0481.jpg,155,106,hand,676,322,831,428
frame_0481.jpg,167,223,hand,400,242,567,465
frame_0492.jpg,337,250,hand,625,466,962,716
frame_0492.jpg,147,99,hand,671,297,818,396
frame_0492.jpg,164,215,hand,394,238,558,453
frame_0548.jpg,171,162,hand,660,212,831,374
frame_0548.jpg,155,97,hand,429,295,584,392
frame_0568.jpg,158,100,hand,594,280,752,380
frame_0568.jpg,153,111,hand,379,203,532,314
frame_0594.jpg,161,94,hand,629,272,790,366
frame_0594.jpg,173,205,hand,276,335,449,540
frame_0599.jpg,168,100,hand,610,255,778,355
frame_0599.jpg,196,206,hand,254,323,450,529
frame_0613.jpg,268,227,hand,459,489,727,716
frame_0613.jpg,148,106,hand,623,293,771,399
frame_0613.jpg,128,100,hand,467,291,595,391
frame_0648.jpg,325,148,hand,760,570,1085,718
frame_0648.jpg,160,108,hand,544,325,704,433
frame_0648.jpg,150,102,hand,386,317,536,419
frame_0693.jpg,210,187,hand,781,429,991,616
frame_0693.jpg,165,100,hand,590,265,755,365
frame_0693.jpg,150,108,hand,438,264,588,372
frame_0711.jpg,162,100,hand,520,218,682,318
frame_0711.jpg,157,111,hand,315,133,472,244
frame_0735.jpg,164,105,hand,301,355,465,460
frame_0735.jpg,97,162,hand,2,231,99,393
frame_0758.jpg,121,109,hand,729,427,850,536
frame_0758.jpg,216,171,hand,513,352,729,523
frame_0819.jpg,329,256,hand,659,453,988,709
frame_0819.jpg,157,117,hand,591,287,748,404
frame_0819.jpg,129,98,hand,461,271,590,369
frame_0837.jpg,363,247,hand,715,469,1078,716
frame_0837.jpg,148,125,hand,627,261,775,386
frame_0837.jpg,154,116,hand,428,251,582,367
frame_0859.jpg,281,253,hand,492,406,773,659
frame_0859.jpg,133,136,hand,803,265,936,401
frame_0859.jpg,157,115,hand,519,222,676,337
frame_0915.jpg,228,210,hand,638,355,866,565
frame_0915.jpg,142,129,hand,748,295,890,424
frame_0915.jpg,150,119,hand,493,241,643,360
frame_0927.jpg,196,200,hand,495,429,691,629
frame_0927.jpg,133,114,hand,621,324,754,438
frame_0927.jpg,141,120,hand,375,279,516,399
frame_0965.jpg,141,108,hand,615,291,756,399
frame_0965.jpg,183,141,hand,259,207,442,348
frame_0994.jpg,137,107,hand,626,265,763,372
frame_0994.jpg,203,184,hand,286,248,489,432
frame_0998.jpg,142,110,hand,609,271,751,381
frame_0998.jpg,222,214,hand,284,225,506,439
frame_1006.jpg,125,99,hand,627,350,752,449
frame_1006.jpg,194,231,hand,382,354,576,585
frame_1017.jpg,138,110,hand,621,303,759,413
frame_1017.jpg,182,258,hand,377,325,559,583
frame_1041.jpg,247,93,hand,1028,626,1275,719
frame_1041.jpg,131,110,hand,659,298,790,408
frame_1041.jpg,140,265,hand,197,309,337,574
frame_1043.jpg,353,78,hand,915,639,1268,717
frame_1043.jpg,132,109,hand,698,299,830,408
frame_1043.jpg,144,270,hand,244,325,388,595
frame_1065.jpg,162,181,hand,495,455,657,636
frame_1065.jpg,133,115,hand,791,377,924,492
frame_1065.jpg,165,111,hand,597,356,762,467
frame_1089.jpg,212,296,hand,514,398,726,694
frame_1089.jpg,147,117,hand,782,315,929,432
frame_1089.jpg,174,120,hand,579,285,753,405
frame_1113.jpg,231,214,hand,579,359,810,573
frame_1113.jpg,139,96,hand,805,369,944,465
frame_1113.jpg,138,66,hand,569,330,707,396
frame_1127.jpg,197,228,hand,626,358,823,586
frame_1127.jpg,138,87,hand,784,349,922,436
frame_1127.jpg,166,104,hand,558,318,724,422
frame_1163.jpg,347,248,hand,723,460,1070,708
frame_1163.jpg,146,109,hand,637,306,783,415
frame_1163.jpg,181,102,hand,427,308,608,410
frame_1192.jpg,168,127,hand,669,303,837,430
frame_1192.jpg,184,201,hand,227,301,411,502
frame_1312.jpg,159,109,hand,592,203,751,312
frame_1312.jpg,144,100,hand,417,222,561,322
frame_1356.jpg,167,131,hand,576,272,743,403
frame_1356.jpg,226,239,hand,323,253,549,492
frame_1398.jpg,163,130,hand,636,415,799,545
frame_1398.jpg,190,273,hand,455,409,645,682
frame_1421.jpg,183,166,hand,560,246,743,412
frame_1421.jpg,166,176,hand,254,245,420,421
frame_1468.jpg,389,287,hand,583,394,972,681
frame_1468.jpg,160,115,hand,580,248,740,363
frame_1468.jpg,163,113,hand,346,226,509,339
frame_1504.jpg,335,238,hand,658,320,993,558
frame_1504.jpg,136,123,hand,603,229,739,352
frame_1504.jpg,140,115,hand,457,210,597,325
frame_1508.jpg,364,257,hand,654,365,1018,622
frame_1508.jpg,126,117,hand,613,233,739,350
frame_1508.jpg,159,112,hand,450,211,609,323
frame_1519.jpg,369,244,hand,668,475,1037,719
frame_1519.jpg,130,133,hand,630,219,760,352
frame_1519.jpg,153,125,hand,459,207,612,332
frame_1528.jpg,318,235,hand,525,343,843,578
frame_1528.jpg,137,132,hand,487,200,624,332
frame_1528.jpg,172,125,hand,254,233,426,358
frame_1548.jpg,242,190,hand,581,367,823,557
frame_1548.jpg,145,140,hand,679,175,824,315
frame_1548.jpg,176,119,hand,443,200,619,319
frame_1599.jpg,120,104,hand,587,233,707,337
frame_1599.jpg,152,93,hand,361,272,513,365
frame_1611.jpg,142,136,hand,616,171,758,307
frame_1611.jpg,149,100,hand,364,256,513,356
frame_1628.jpg,166,176,hand,670,159,836,335
frame_1628.jpg,164,111,hand,389,261,553,372
frame_1652.jpg,208,265,hand,685,144,893,409
frame_1652.jpg,166,116,hand,446,271,612,387
frame_1675.jpg,166,270,hand,588,214,754,484
frame_1675.jpg,164,116,hand,379,285,543,401
frame_1698.jpg,136,115,hand,580,300,716,415
frame_1698.jpg,159,113,hand,423,296,582,409
frame_1725.jpg,207,201,hand,647,366,854,567
frame_1725.jpg,149,80,hand,667,305,816,385
frame_1725.jpg,162,109,hand,507,305,669,414
frame_1728.jpg,197,191,hand,683,389,880,580
frame_1728.jpg,151,85,hand,695,302,846,387
frame_1728.jpg,163,114,hand,523,298,686,412
frame_1744.jpg,279,218,hand,671,401,950,619
frame_1744.jpg,139,129,hand,724,264,863,393
frame_1744.jpg,180,120,hand,551,252,731,372
frame_1752.jpg,392,279,hand,638,360,1030,639
frame_1752.jpg,130,137,hand,742,207,872,344
frame_1752.jpg,203,133,hand,525,144,728,277
frame_1769.jpg,271,211,hand,652,339,923,550
frame_1769.jpg,126,125,hand,704,217,830,342
frame_1769.jpg,181,130,hand,524,189,705,319
frame_1804.jpg,213,177,hand,659,330,872,507
frame_1804.jpg,131,115,hand,755,241,886,356
frame_1804.jpg,164,112,hand,583,236,747,348
frame_1805.jpg,205,169,hand,658,336,863,505
frame_1805.jpg,117,120,hand,759,237,876,357
frame_1805.jpg,167,115,hand,580,238,747,353
frame_1820.jpg,195,190,hand,678,387,873,577
frame_1820.jpg,122,136,hand,730,247,852,383
frame_1820.jpg,166,112,hand,560,247,726,359
frame_1832.jpg,254,188,hand,877,315,1131,503
frame_1832.jpg,128,124,hand,712,188,840,312
frame_1832.jpg,168,114,hand,542,185,710,299
frame_1847.jpg,210,178,hand,851,474,1061,652
frame_1847.jpg,132,120,hand,601,254,733,374
frame_1847.jpg,172,113,hand,423,223,595,336
frame_1848.jpg,201,171,hand,838,484,1039,655
frame_1848.jpg,130,112,hand,594,264,724,376
frame_1848.jpg,179,109,hand,400,218,579,327
frame_1880.jpg,291,132,hand,844,587,1135,719
frame_1880.jpg,142,113,hand,578,224,720,337
frame_1880.jpg,222,193,hand,283,262,505,455
frame_1939.jpg,301,219,hand,625,268,926,487
frame_1939.jpg,157,125,hand,501,281,658,406
frame_1944.jpg,323,220,hand,624,273,947,493
frame_1944.jpg,152,117,hand,504,271,656,388
frame_1950.jpg,378,240,hand,693,364,1071,604
frame_1950.jpg,121,121,hand,657,276,778,397
frame_1950.jpg,163,111,hand,502,261,665,372
frame_1998.jpg,374,252,hand,628,462,1002,714
frame_1998.jpg,138,119,hand,620,248,758,367
frame_1998.jpg,163,115,hand,464,245,627,360
frame_2040.jpg,269,211,hand,511,361,780,572
frame_2040.jpg,141,117,hand,626,240,767,357
frame_2040.jpg,156,116,hand,484,237,640,353
frame_2051.jpg,249,208,hand,563,373,812,581
frame_2051.jpg,145,129,hand,670,239,815,368
frame_2051.jpg,162,119,hand,515,249,677,368
frame_2114.jpg,147,115,hand,591,275,738,390
frame_2114.jpg,143,141,hand,193,225,336,366
frame_2118.jpg,149,109,hand,615,270,764,379
frame_2118.jpg,160,165,hand,219,263,379,428
frame_2128.jpg,156,116,hand,669,247,825,363
frame_2128.jpg,165,164,hand,284,248,449,412
frame_2171.jpg,168,243,hand,752,187,920,430
frame_2171.jpg,178,112,hand,493,221,671,333
frame_2175.jpg,154,232,hand,780,210,934,442
frame_2175.jpg,170,107,hand,502,222,672,329
frame_2219.jpg,248,209,hand,690,501,938,710
frame_2219.jpg,143,114,hand,579,342,722,456
frame_2219.jpg,139,115,hand,439,334,578,449
frame_2273.jpg,218,201,hand,721,403,939,604
frame_2273.jpg,130,120,hand,606,236,736,356
frame_2273.jpg,155,107,hand,450,230,605,337
frame_2281.jpg,223,180,hand,653,267,876,447
frame_2281.jpg,139,118,hand,592,217,731,335
frame_2281.jpg,173,118,hand,428,218,601,336
frame_2292.jpg,214,199,hand,665,256,879,455
frame_2292.jpg,140,107,hand,639,201,779,308
frame_2292.jpg,178,121,hand,472,196,650,317
frame_2329.jpg,208,193,hand,732,300,940,493
frame_2329.jpg,143,123,hand,671,218,814,341
frame_2329.jpg,174,121,hand,505,212,679,333
frame_2333.jpg,208,205,hand,729,314,937,519
frame_2333.jpg,145,129,hand,671,222,816,351
frame_2333.jpg,183,117,hand,502,219,685,336
frame_2343.jpg,241,198,hand,683,317,924,515
frame_2343.jpg,136,123,hand,648,234,784,357
frame_2343.jpg,179,116,hand,481,231,660,347
frame_2409.jpg,261,124,hand,843,593,1104,717
frame_2409.jpg,138,116,hand,554,196,692,312
frame_2409.jpg,166,118,hand,372,204,538,322
frame_2422.jpg,273,136,hand,858,582,1131,718
frame_2422.jpg,166,204,hand,573,141,739,345
frame_2422.jpg,160,112,hand,387,202,547,314
frame_2509.jpg,158,122,hand,608,266,766,388
frame_2509.jpg,144,111,hand,480,278,624,389
frame_2516.jpg,173,16,hand,970,701,1143,717
frame_2516.jpg,148,123,hand,585,257,733,380
frame_2516.jpg,156,113,hand,449,273,605,386
frame_2549.jpg,328,299,hand,468,350,796,649
frame_2549.jpg,148,132,hand,630,123,778,255
frame_2549.jpg,190,121,hand,474,135,664,256
frame_2572.jpg,350,283,hand,468,424,818,707
frame_2572.jpg,145,135,hand,622,178,767,313
frame_2572.jpg,178,115,hand,474,189,652,304
frame_2605.jpg,264,253,hand,669,374,933,627
frame_2605.jpg,152,131,hand,591,226,743,357
frame_2605.jpg,176,125,hand,443,233,619,358
frame_2620.jpg,254,250,hand,669,395,923,645
frame_2620.jpg,158,128,hand,606,215,764,343
frame_2620.jpg,190,120,hand,450,224,640,344
frame_2641.jpg,263,170,hand,647,543,910,713
frame_2641.jpg,145,120,hand,548,279,693,399
frame_2641.jpg,140,106,hand,424,309,564,415
frame_2681.jpg,140,123,hand,601,305,741,428
frame_2681.jpg,207,213,hand,322,321,529,534
frame_0077.jpg,130,124,hand,739,384,869,508
frame_0077.jpg,131,117,hand,573,243,704,360
frame_0078.jpg,133,127,hand,733,384,866,511
frame_0078.jpg,135,123,hand,571,252,706,375
frame_0082.jpg,117,105,hand,698,335,815,440
frame_0082.jpg,161,111,hand,526,258,687,369
frame_0101.jpg,149,120,hand,392,192,541,312
frame_0101.jpg,267,234,hand,254,256,521,490
frame_0114.jpg,151,112,hand,406,162,557,274
frame_0114.jpg,252,226,hand,325,270,577,496
frame_0160.jpg,156,126,hand,474,68,630,194
frame_0160.jpg,183,202,hand,327,171,510,373
frame_0192.jpg,462,178,hand,1,541,463,719
frame_0192.jpg,158,120,hand,506,86,664,206
frame_0192.jpg,167,215,hand,334,244,501,459
frame_0230.jpg,428,219,hand,7,500,435,719
frame_0230.jpg,155,59,hand,492,1,647,60
frame_0230.jpg,170,190,hand,280,89,450,279
frame_0266.jpg,151,119,hand,444,42,595,161
frame_0266.jpg,244,217,hand,187,294,431,511
frame_0288.jpg,162,111,hand,277,95,439,206
frame_0288.jpg,208,156,hand,189,208,397,364
frame_0300.jpg,430,166,hand,714,553,1144,719
frame_0300.jpg,170,115,hand,231,85,401,200
frame_0300.jpg,227,146,hand,189,203,416,349
frame_0317.jpg,508,216,hand,642,503,1150,719
frame_0317.jpg,178,131,hand,213,54,391,185
frame_0317.jpg,230,152,hand,168,180,398,332
frame_0368.jpg,203,125,hand,444,183,647,308
frame_0368.jpg,266,181,hand,190,48,456,229
frame_0453.jpg,196,118,hand,565,126,761,244
frame_0453.jpg,207,134,hand,356,111,563,245
frame_0460.jpg,373,170,hand,779,546,1152,716
frame_0460.jpg,188,127,hand,565,120,753,247
frame_0460.jpg,203,138,hand,359,106,562,244
frame_0493.jpg,467,251,hand,629,468,1096,719
frame_0493.jpg,182,125,hand,582,139,764,264
frame_0493.jpg,170,130,hand,378,111,548,241
frame_0499.jpg,427,232,hand,610,487,1037,719
frame_0499.jpg,192,138,hand,585,142,777,280
frame_0499.jpg,172,137,hand,387,115,559,252
frame_0525.jpg,449,343,hand,724,374,1173,717
frame_0525.jpg,185,130,hand,579,155,764,285
frame_0525.jpg,176,133,hand,372,129,548,262
frame_0534.jpg,403,308,hand,723,411,1126,719
frame_0534.jpg,183,139,hand,582,161,765,300
frame_0534.jpg,183,135,hand,374,133,557,268
frame_0560.jpg,199,135,hand,633,179,832,314
frame_0560.jpg,177,138,hand,430,155,607,293
frame_0598.jpg,259,54,hand,111,665,370,719
frame_0598.jpg,194,116,hand,652,3,846,119
frame_0598.jpg,207,73,hand,268,3,475,76
frame_0609.jpg,198,135,hand,651,59,849,194
frame_0609.jpg,247,201,hand,306,3,553,204
frame_0614.jpg,202,141,hand,653,65,855,206
frame_0614.jpg,234,223,hand,316,3,550,226
frame_0622.jpg,207,139,hand,651,67,858,206
frame_0622.jpg,243,233,hand,313,3,556,236
frame_0625.jpg,196,142,hand,659,67,855,209
frame_0625.jpg,241,226,hand,310,0,551,226
frame_0640.jpg,429,161,hand,51,558,480,719
frame_0640.jpg,419,103,hand,612,614,1031,717
frame_0640.jpg,210,37,hand,648,0,858,37
frame_0647.jpg,459,203,hand,1,514,460,717
frame_0647.jpg,420,150,hand,594,569,1014,719
frame_0647.jpg,289,206,hand,535,3,824,209
frame_0696.jpg,486,152,hand,676,565,1162,717
frame_0696.jpg,194,135,hand,510,147,704,282
frame_0696.jpg,204,151,hand,268,132,472,283
frame_0707.jpg,425,197,hand,656,522,1081,719
frame_0707.jpg,188,135,hand,480,130,668,265
frame_0707.jpg,209,150,hand,239,118,448,268
frame_0708.jpg,424,210,hand,651,509,1075,719
frame_0708.jpg,195,136,hand,475,132,670,268
frame_0708.jpg,209,152,hand,236,121,445,273
frame_0801.jpg,435,367,hand,676,302,1111,669
frame_0801.jpg,193,164,hand,580,56,773,220
frame_0801.jpg,233,153,hand,356,45,589,198
frame_0813.jpg,445,388,hand,673,293,1118,681
frame_0813.jpg,197,175,hand,577,54,774,229
frame_0813.jpg,233,147,hand,356,42,589,189
frame_0839.jpg,470,410,hand,689,303,1159,713
frame_0839.jpg,205,174,hand,604,47,809,221
frame_0839.jpg,232,148,hand,386,35,618,183
frame_0860.jpg,510,361,hand,513,305,1023,666
frame_0860.jpg,204,176,hand,638,45,842,221
frame_0860.jpg,229,154,hand,418,38,647,192
frame_0902.jpg,383,290,hand,456,236,839,526
frame_0902.jpg,200,183,hand,711,56,911,239
frame_0902.jpg,233,148,hand,485,50,718,198
frame_0905.jpg,367,299,hand,466,221,833,520
frame_0905.jpg,202,185,hand,709,53,911,238
frame_0905.jpg,231,153,hand,483,44,714,197
frame_0946.jpg,247,69,hand,1,650,248,719
frame_0946.jpg,270,40,hand,491,679,761,719
frame_0946.jpg,182,154,hand,522,1,704,155
frame_0946.jpg,291,339,hand,404,48,695,387
frame_0992.jpg,378,291,hand,598,361,976,652
frame_0992.jpg,185,147,hand,515,114,700,261
frame_0992.jpg,174,108,hand,344,71,518,179
frame_1067.jpg,400,337,hand,750,379,1150,716
frame_1067.jpg,190,155,hand,566,103,756,258
frame_1067.jpg,207,123,hand,381,80,588,203
frame_1103.jpg,401,135,hand,34,584,435,719
frame_1103.jpg,390,97,hand,683,620,1073,717
frame_1103.jpg,195,88,hand,654,3,849,91
frame_1103.jpg,173,34,hand,462,1,635,35
frame_1145.jpg,194,174,hand,738,167,932,341
frame_1145.jpg,230,254,hand,271,120,501,374
frame_1161.jpg,200,179,hand,738,141,938,320
frame_1161.jpg,253,297,hand,186,109,439,406
frame_1176.jpg,199,46,hand,692,673,891,719
frame_1176.jpg,188,164,hand,507,150,695,314
frame_1176.jpg,203,145,hand,219,148,422,293
frame_1184.jpg,406,155,hand,588,564,994,719
frame_1184.jpg,196,170,hand,527,151,723,321
frame_1184.jpg,212,154,hand,233,155,445,309
frame_1238.jpg,189,177,hand,711,153,900,330
frame_1238.jpg,236,247,hand,249,86,485,333
frame_1271.jpg,191,170,hand,729,136,920,306
frame_1271.jpg,243,252,hand,199,135,442,387
frame_1295.jpg,190,177,hand,733,117,923,294
frame_1295.jpg,255,279,hand,134,77,389,356
frame_1319.jpg,314,85,hand,69,634,383,719
frame_1319.jpg,192,26,hand,729,693,921,719
frame_1319.jpg,188,111,hand,686,1,874,112
frame_1319.jpg,207,88,hand,243,3,450,91
frame_1320.jpg,338,108,hand,37,611,375,719
frame_1320.jpg,293,44,hand,701,672,994,716
frame_1320.jpg,194,80,hand,676,6,870,86
frame_1320.jpg,120,59,hand,315,1,435,60
frame_1322.jpg,416,135,hand,5,584,421,719
frame_1322.jpg,331,72,hand,683,647,1014,719
frame_1322.jpg,202,61,hand,659,3,861,64
frame_1322.jpg,91,21,hand,309,3,400,24
frame_1334.jpg,262,58,hand,48,661,310,719
frame_1334.jpg,197,112,hand,636,3,833,115
frame_1334.jpg,83,39,hand,518,0,601,39
frame_1350.jpg,193,174,hand,547,32,740,206
frame_1350.jpg,269,168,hand,150,1,419,169
frame_1351.jpg,188,172,hand,563,39,751,211
frame_1351.jpg,273,179,hand,180,1,453,180
frame_1371.jpg,121,30,hand,205,689,326,719
frame_1371.jpg,170,45,hand,708,674,878,719
frame_1371.jpg,189,174,hand,667,79,856,253
frame_1371.jpg,248,265,hand,327,0,575,265
frame_1407.jpg,92,33,hand,768,685,860,718
frame_1407.jpg,195,174,hand,664,70,859,244
frame_1407.jpg,264,286,hand,299,66,563,352
frame_1408.jpg,81,36,hand,773,682,854,718
frame_1408.jpg,191,178,hand,661,69,852,247
frame_1408.jpg,260,285,hand,294,69,554,354
frame_1438.jpg,203,186,hand,751,100,954,286
frame_1438.jpg,205,150,hand,378,102,583,252
frame_1476.jpg,431,231,hand,10,487,441,718
frame_1476.jpg,214,141,hand,677,134,891,275
frame_1476.jpg,194,158,hand,384,124,578,282
frame_1485.jpg,466,374,hand,7,345,473,719
frame_1485.jpg,214,142,hand,652,154,866,296
frame_1485.jpg,193,147,hand,365,154,558,301
frame_1557.jpg,212,129,hand,634,137,846,266
frame_1557.jpg,221,209,hand,277,2,498,211
frame_1562.jpg,204,134,hand,651,159,855,293
frame_1562.jpg,225,168,hand,351,9,576,177
frame_1585.jpg,195,131,hand,655,169,850,300
frame_1585.jpg,184,132,hand,374,144,558,276
frame_1606.jpg,203,140,hand,609,180,812,320
frame_1606.jpg,192,135,hand,326,163,518,298
frame_1627.jpg,207,139,hand,648,163,855,302
frame_1627.jpg,194,140,hand,367,140,561,280
frame_1646.jpg,206,141,hand,621,157,827,298
frame_1646.jpg,189,141,hand,341,130,530,271
frame_1667.jpg,253,274,hand,690,445,943,719
frame_1667.jpg,198,141,hand,602,157,800,298
frame_1667.jpg,214,176,hand,316,1,530,177
frame_1680.jpg,202,132,hand,584,126,786,258
frame_1680.jpg,223,179,hand,363,1,586,180
frame_1684.jpg,218,126,hand,547,51,765,177
frame_1684.jpg,168,107,hand,382,0,550,107
frame_1765.jpg,256,94,hand,146,625,402,719
frame_1765.jpg,217,145,hand,755,173,972,318
frame_1765.jpg,182,146,hand,485,157,667,303
frame_1833.jpg,195,135,hand,610,103,805,238
frame_1833.jpg,178,139,hand,342,81,520,220
frame_1835.jpg,195,135,hand,619,106,814,241
frame_1835.jpg,177,141,hand,342,76,519,217
frame_1841.jpg,200,136,hand,611,110,811,246
frame_1841.jpg,178,144,hand,319,59,497,203
frame_1886.jpg,192,127,hand,453,165,645,292
frame_1886.jpg,307,326,hand,208,89,515,415
frame_1920.jpg,212,143,hand,668,142,880,285
frame_1920.jpg,178,155,hand,387,115,565,270
frame_1924.jpg,212,145,hand,672,135,884,280
frame_1924.jpg,180,156,hand,386,109,566,265
frame_1930.jpg,212,146,hand,660,139,872,285
frame_1930.jpg,177,161,hand,387,114,564,275
frame_1947.jpg,216,150,hand,663,163,879,313
frame_1947.jpg,183,154,hand,382,143,565,297
frame_1971.jpg,520,359,hand,2,360,522,719
frame_1971.jpg,212,140,hand,584,163,796,303
frame_1971.jpg,191,155,hand,295,152,486,307
frame_2009.jpg,196,131,hand,609,193,805,324
frame_2009.jpg,191,140,hand,309,120,500,260
frame_2103.jpg,564,300,hand,552,419,1116,719
frame_2103.jpg,207,134,hand,623,233,830,367
frame_2103.jpg,184,144,hand,284,196,468,340
frame_2149.jpg,388,339,hand,553,313,941,652
frame_2149.jpg,213,147,hand,703,211,916,358
frame_2149.jpg,179,154,hand,370,171,549,325
frame_2162.jpg,368,329,hand,616,311,984,640
frame_2162.jpg,212,141,hand,743,212,955,353
frame_2162.jpg,179,157,hand,401,155,580,312
frame_2174.jpg,356,322,hand,609,343,965,665
frame_2174.jpg,221,143,hand,753,212,974,355
frame_2174.jpg,184,163,hand,406,146,590,309
frame_2279.jpg,276,130,hand,967,589,1243,719
frame_2279.jpg,195,121,hand,650,182,845,303
frame_2279.jpg,154,134,hand,359,157,513,291
frame_2320.jpg,227,139,hand,586,197,813,336
frame_2320.jpg,169,130,hand,317,185,486,315
frame_2365.jpg,203,152,hand,608,37,811,189
frame_2365.jpg,250,61,hand,401,1,651,62
frame_2389.jpg,218,145,hand,593,66,811,211
frame_2389.jpg,260,67,hand,445,0,705,67
frame_2393.jpg,216,154,hand,581,64,797,218
frame_2393.jpg,262,81,hand,426,0,688,81
frame_2405.jpg,221,155,hand,600,78,821,233
frame_2405.jpg,259,111,hand,436,2,695,113
frame_2440.jpg,315,167,hand,22,552,337,719
frame_2440.jpg,240,106,hand,672,613,912,719
frame_2440.jpg,179,159,hand,621,92,800,251
frame_2440.jpg,219,139,hand,464,33,683,172
frame_2442.jpg,295,223,hand,0,495,295,718
frame_2442.jpg,247,142,hand,672,577,919,719
frame_2442.jpg,176,161,hand,632,87,808,248
frame_2442.jpg,213,139,hand,464,23,677,162
frame_2443.jpg,241,274,hand,1,445,242,719
frame_2443.jpg,256,136,hand,671,583,927,719
frame_2443.jpg,177,162,hand,633,84,810,246
frame_2443.jpg,223,133,hand,462,22,685,155
frame_2465.jpg,214,101,hand,666,618,880,719
frame_2465.jpg,182,168,hand,614,84,796,252
frame_2465.jpg,227,135,hand,442,28,669,163
frame_2493.jpg,229,105,hand,687,614,916,719
frame_2493.jpg,194,166,hand,623,74,817,240
frame_2493.jpg,256,234,hand,257,0,513,234
frame_2507.jpg,199,64,hand,681,655,880,719
frame_2507.jpg,197,167,hand,624,103,821,270
frame_2507.jpg,255,159,hand,279,1,534,160
frame_2535.jpg,200,164,hand,648,163,848,327
frame_2535.jpg,236,244,hand,297,49,533,293
frame_2600.jpg,214,178,hand,659,118,873,296
frame_2600.jpg,370,383,hand,161,6,531,389
frame_2642.jpg,119,43,hand,785,676,904,719
frame_2642.jpg,206,170,hand,652,107,858,277
frame_2642.jpg,296,391,hand,214,22,510,413
frame_2645.jpg,203,61,hand,706,658,909,719
frame_2645.jpg,197,154,hand,643,129,840,283
frame_2645.jpg,308,366,hand,245,52,553,418
frame_2667.jpg,190,67,hand,693,652,883,719
frame_2667.jpg,183,151,hand,643,159,826,310
frame_2667.jpg,231,327,hand,305,171,536,498
frame_0029.jpg,161,82,hand,621,320,782,402
frame_0029.jpg,129,136,hand,493,251,622,387
frame_0038.jpg,222,121,hand,259,592,481,713
frame_0038.jpg,147,82,hand,612,293,759,375
frame_0038.jpg,132,171,hand,486,270,618,441
frame_0056.jpg,305,179,hand,150,460,455,639
frame_0056.jpg,185,91,hand,569,226,754,317
frame_0056.jpg,136,196,hand,448,270,584,466
frame_0077.jpg,232,238,hand,14,437,246,675
frame_0077.jpg,128,123,hand,526,156,654,279
frame_0077.jpg,140,97,hand,408,163,548,260
frame_0163.jpg,288,253,hand,618,337,906,590
frame_0163.jpg,143,83,hand,543,180,686,263
frame_0163.jpg,131,97,hand,437,167,568,264
frame_0234.jpg,305,190,hand,571,297,876,487
frame_0234.jpg,130,103,hand,559,156,689,259
frame_0234.jpg,137,110,hand,423,70,560,180
frame_0239.jpg,271,208,hand,668,291,939,499
frame_0239.jpg,126,103,hand,556,181,682,284
frame_0239.jpg,144,110,hand,420,43,564,153
frame_0248.jpg,166,16,hand,187,701,353,717
frame_0248.jpg,64,100,hand,573,197,637,297
frame_0248.jpg,143,128,hand,463,156,606,284
frame_0252.jpg,170,17,hand,175,701,345,718
frame_0252.jpg,156,148,hand,465,153,621,301
frame_0255.jpg,166,145,hand,463,160,629,305
frame_0259.jpg,149,144,hand,455,163,604,307
frame_0262.jpg,155,159,hand,445,153,600,312
frame_0293.jpg,116,100,hand,497,168,613,268
frame_0293.jpg,190,110,hand,379,40,569,150
frame_0316.jpg,339,197,hand,653,429,992,626
frame_0316.jpg,140,100,hand,509,179,649,279
frame_0316.jpg,137,91,hand,378,196,515,287
frame_0320.jpg,340,197,hand,650,432,990,629
frame_0320.jpg,140,108,hand,514,172,654,280
frame_0320.jpg,144,91,hand,383,190,527,281
frame_0348.jpg,156,107,hand,522,197,678,304
frame_0348.jpg,130,88,hand,393,201,523,289
frame_0374.jpg,51,68,hand,608,177,659,245
frame_0374.jpg,163,182,hand,461,131,624,313
frame_0483.jpg,326,202,hand,605,318,931,520
frame_0483.jpg,153,101,hand,552,157,705,258
frame_0483.jpg,136,107,hand,391,123,527,230
frame_0526.jpg,83,107,hand,616,140,699,247
frame_0526.jpg,163,175,hand,480,134,643,309
frame_0575.jpg,323,232,hand,667,478,990,710
frame_0575.jpg,154,111,hand,496,157,650,268
frame_0575.jpg,148,110,hand,336,165,484,275
frame_0583.jpg,287,203,hand,608,320,895,523
frame_0583.jpg,145,128,hand,497,139,642,267
frame_0583.jpg,136,98,hand,337,165,473,263
frame_0607.jpg,197,111,hand,738,607,935,718
frame_0607.jpg,138,118,hand,507,186,645,304
frame_0607.jpg,140,108,hand,348,192,488,300
frame_0623.jpg,76,94,hand,530,184,606,278
frame_0623.jpg,158,165,hand,403,181,561,346
frame_0642.jpg,141,112,hand,472,210,613,322
frame_0642.jpg,183,147,hand,266,132,449,279
frame_0682.jpg,137,109,hand,519,142,656,251
frame_0682.jpg,211,215,hand,102,143,313,358
frame_0753.jpg,268,227,hand,654,305,922,532
frame_0753.jpg,167,120,hand,476,164,643,284
frame_0753.jpg,147,108,hand,302,180,449,288
frame_0763.jpg,363,192,hand,506,276,869,468
frame_0763.jpg,171,126,hand,631,136,802,262
frame_0763.jpg,132,103,hand,468,147,600,250
frame_0822.jpg,158,117,hand,501,200,659,317
frame_0822.jpg,163,148,hand,263,114,426,262
frame_0832.jpg,160,136,hand,506,165,666,301
frame_0832.jpg,164,159,hand,263,138,427,297
frame_0850.jpg,271,138,hand,15,576,286,714
frame_0850.jpg,178,46,hand,543,672,721,718
frame_0850.jpg,159,126,hand,534,148,693,274
frame_0850.jpg,181,125,hand,325,80,506,205
frame_0860.jpg,247,161,hand,6,553,253,714
frame_0860.jpg,219,66,hand,493,652,712,718
frame_0860.jpg,85,121,hand,597,135,682,256
frame_0860.jpg,177,166,hand,439,94,616,260
frame_0880.jpg,285,187,hand,5,530,290,717
frame_0880.jpg,273,107,hand,460,611,733,718
frame_0880.jpg,157,131,hand,519,103,676,234
frame_0880.jpg,167,203,hand,317,44,484,247
frame_0897.jpg,308,186,hand,44,527,352,713
frame_0897.jpg,272,113,hand,506,603,778,716
frame_0897.jpg,162,132,hand,554,78,716,210
frame_0897.jpg,174,194,hand,369,74,543,268
frame_0898.jpg,297,194,hand,57,524,354,718
frame_0898.jpg,268,107,hand,515,609,783,716
frame_0898.jpg,164,147,hand,564,72,728,219
frame_0898.jpg,174,202,hand,369,69,543,271
frame_0941.jpg,280,163,hand,16,551,296,714
frame_0941.jpg,273,98,hand,444,619,717,717
frame_0941.jpg,161,121,hand,515,98,676,219
frame_0941.jpg,211,99,hand,167,2,378,101
frame_0963.jpg,109,22,hand,123,695,232,717
frame_0963.jpg,306,165,hand,593,553,899,718
frame_0963.jpg,166,128,hand,497,193,663,321
frame_0963.jpg,141,95,hand,311,209,452,304
frame_0980.jpg,227,61,hand,100,652,327,713
frame_0980.jpg,304,182,hand,597,332,901,514
frame_0980.jpg,169,123,hand,564,184,733,307
frame_0980.jpg,141,106,hand,377,173,518,279
frame_1004.jpg,233,175,hand,577,250,810,425
frame_1004.jpg,129,101,hand,456,241,585,342
frame_1028.jpg,256,72,hand,146,646,402,718
frame_1028.jpg,219,169,hand,621,308,840,477
frame_1028.jpg,166,110,hand,633,210,799,320
frame_1028.jpg,140,135,hand,452,140,592,275
frame_1067.jpg,179,39,hand,105,675,284,714
frame_1067.jpg,170,34,hand,370,684,540,718
frame_1067.jpg,36,50,hand,498,255,534,305
frame_1067.jpg,148,208,hand,511,161,659,369
frame_1106.jpg,239,56,hand,43,662,282,718
frame_1106.jpg,245,82,hand,364,635,609,717
frame_1106.jpg,83,66,hand,554,153,637,219
frame_1106.jpg,166,229,hand,472,163,638,392
frame_1111.jpg,244,60,hand,40,658,284,718
frame_1111.jpg,242,83,hand,362,634,604,717
frame_1111.jpg,70,74,hand,563,159,633,233
frame_1111.jpg,198,187,hand,452,142,650,329
frame_1140.jpg,256,74,hand,46,643,302,717
frame_1140.jpg,243,92,hand,371,622,614,714
frame_1140.jpg,96,113,hand,550,143,646,256
frame_1140.jpg,170,225,hand,415,111,585,336
frame_1194.jpg,275,75,hand,9,643,284,718
frame_1194.jpg,296,190,hand,630,283,926,473
frame_1194.jpg,118,92,hand,527,138,645,230
frame_1194.jpg,140,94,hand,341,127,481,221
frame_1211.jpg,240,54,hand,63,663,303,717
frame_1211.jpg,268,206,hand,608,268,876,474
frame_1211.jpg,120,95,hand,567,144,687,239
frame_1211.jpg,140,103,hand,378,131,518,234
frame_1250.jpg,261,92,hand,48,626,309,718
frame_1250.jpg,242,79,hand,370,635,612,714
frame_1250.jpg,110,89,hand,532,152,642,241
frame_1250.jpg,190,203,hand,360,110,550,313
frame_1282.jpg,277,124,hand,44,592,321,716
frame_1282.jpg,308,111,hand,350,607,658,718
frame_1282.jpg,128,95,hand,531,123,659,218
frame_1282.jpg,180,207,hand,261,138,441,345
frame_1332.jpg,274,239,hand,6,479,280,718
frame_1332.jpg,174,27,hand,519,691,693,718
frame_1332.jpg,142,98,hand,596,132,738,230
frame_1332.jpg,147,99,hand,416,156,563,255
frame_1351.jpg,231,78,hand,176,640,407,718
frame_1351.jpg,265,202,hand,538,292,803,494
frame_1351.jpg,133,79,hand,624,206,757,285
frame_1351.jpg,126,93,hand,461,192,587,285
frame_1362.jpg,251,78,hand,229,639,480,717
frame_1362.jpg,285,204,hand,626,380,911,584
frame_1362.jpg,123,81,hand,704,247,827,328
frame_1362.jpg,131,96,hand,535,201,666,297
frame_1366.jpg,239,68,hand,259,650,498,718
frame_1366.jpg,278,197,hand,666,354,944,551
frame_1366.jpg,128,84,hand,709,245,837,329
frame_1366.jpg,132,97,hand,547,208,679,305
frame_1379.jpg,256,175,hand,624,439,880,614
frame_1379.jpg,124,86,hand,759,317,883,403
frame_1379.jpg,138,89,hand,588,274,726,363
frame_1391.jpg,248,174,hand,633,534,881,708
frame_1391.jpg,114,93,hand,759,382,873,475
frame_1391.jpg,121,106,hand,584,334,705,440
frame_1392.jpg,250,172,hand,630,540,880,712
frame_1392.jpg,130,89,hand,746,388,876,477
frame_1392.jpg,129,100,hand,579,341,708,441
frame_1397.jpg,248,143,hand,649,466,897,609
frame_1397.jpg,123,90,hand,766,325,889,415
frame_1397.jpg,115,88,hand,604,288,719,376
frame_1498.jpg,194,55,hand,187,663,381,718
frame_1498.jpg,194,76,hand,393,642,587,718
frame_1498.jpg,128,83,hand,581,160,709,243
frame_1498.jpg,168,176,hand,357,107,525,283
frame_1499.jpg,201,54,hand,185,663,386,717
frame_1499.jpg,197,84,hand,394,634,591,718
frame_1499.jpg,133,86,hand,576,159,709,245
frame_1499.jpg,166,169,hand,348,99,514,268
frame_1515.jpg,215,82,hand,203,632,418,714
frame_1515.jpg,212,110,hand,422,607,634,717
frame_1515.jpg,132,86,hand,612,131,744,217
frame_1515.jpg,164,172,hand,332,88,496,260
frame_1563.jpg,276,166,hand,109,548,385,714
frame_1563.jpg,302,176,hand,489,540,791,716
frame_1563.jpg,132,88,hand,604,85,736,173
frame_1563.jpg,186,166,hand,358,81,544,247
frame_1631.jpg,336,231,hand,43,301,379,532
frame_1631.jpg,225,59,hand,542,655,767,714
frame_1631.jpg,139,106,hand,609,103,748,209
frame_1631.jpg,144,92,hand,439,179,583,271
frame_1632.jpg,370,238,hand,28,303,398,541
frame_1632.jpg,235,71,hand,539,646,774,717
frame_1632.jpg,138,120,hand,608,93,746,213
frame_1632.jpg,139,91,hand,437,184,576,275
frame_1643.jpg,336,207,hand,68,341,404,548
frame_1643.jpg,233,60,hand,513,654,746,714
frame_1643.jpg,135,104,hand,593,98,728,202
frame_1643.jpg,142,101,hand,410,175,552,276
frame_1656.jpg,389,197,hand,43,293,432,490
frame_1656.jpg,261,100,hand,505,618,766,718
frame_1656.jpg,139,100,hand,583,76,722,176
frame_1656.jpg,148,98,hand,402,156,550,254
frame_1660.jpg,357,207,hand,51,307,408,514
frame_1660.jpg,259,95,hand,498,622,757,717
frame_1660.jpg,136,102,hand,580,74,716,176
frame_1660.jpg,147,102,hand,393,153,540,255
frame_1739.jpg,233,98,hand,154,619,387,717
frame_1739.jpg,223,78,hand,382,640,605,718
frame_1739.jpg,141,92,hand,567,117,708,209
frame_1739.jpg,190,196,hand,302,150,492,346
frame_1757.jpg,208,78,hand,162,636,370,714
frame_1757.jpg,271,230,hand,519,379,790,609
frame_1757.jpg,128,86,hand,610,188,738,274
frame_1757.jpg,179,151,hand,418,120,597,271
frame_1768.jpg,215,75,hand,232,642,447,717
frame_1768.jpg,196,43,hand,515,669,711,712
frame_1768.jpg,125,83,hand,653,242,778,325
frame_1768.jpg,166,177,hand,455,193,621,370
frame_1798.jpg,148,26,hand,267,692,415,718
frame_1798.jpg,112,38,hand,435,679,547,717
frame_1798.jpg,121,88,hand,605,209,726,297
frame_1798.jpg,165,203,hand,433,284,598,487
frame_1921.jpg,220,127,hand,141,590,361,717
frame_1921.jpg,254,98,hand,331,619,585,717
frame_1921.jpg,130,86,hand,561,132,691,218
frame_1921.jpg,145,123,hand,195,20,340,143
frame_1942.jpg,226,110,hand,148,600,374,710
frame_1942.jpg,263,97,hand,321,621,584,718
frame_1942.jpg,136,97,hand,565,124,701,221
frame_1942.jpg,195,161,hand,307,55,502,216
frame_1946.jpg,229,128,hand,137,589,366,717
frame_1946.jpg,268,112,hand,317,606,585,718
frame_1946.jpg,126,86,hand,567,127,693,213
frame_1946.jpg,190,157,hand,312,66,502,223
frame_1952.jpg,225,130,hand,133,588,358,718
frame_1952.jpg,267,101,hand,320,617,587,718
frame_1952.jpg,128,84,hand,561,128,689,212
frame_1952.jpg,174,151,hand,279,84,453,235
frame_1960.jpg,211,122,hand,137,592,348,714
frame_1960.jpg,247,95,hand,316,621,563,716
frame_1960.jpg,133,103,hand,554,111,687,214
frame_1960.jpg,158,163,hand,179,80,337,243
frame_1997.jpg,236,128,hand,106,588,342,716
frame_1997.jpg,256,101,hand,308,617,564,718
frame_1997.jpg,124,84,hand,544,132,668,216
frame_1997.jpg,165,160,hand,275,107,440,267
frame_1998.jpg,235,125,hand,109,593,344,718
frame_1998.jpg,257,112,hand,308,605,565,717
frame_1998.jpg,128,81,hand,544,127,672,208
frame_1998.jpg,177,145,hand,272,117,449,262
frame_2001.jpg,226,125,hand,112,592,338,717
frame_2001.jpg,272,107,hand,295,611,567,718
frame_2001.jpg,130,89,hand,542,123,672,212
frame_2001.jpg,178,157,hand,267,114,445,271
frame_2062.jpg,132,99,hand,493,153,625,252
frame_2062.jpg,211,197,hand,315,165,526,362
frame_2064.jpg,136,94,hand,485,165,621,259
frame_2064.jpg,199,192,hand,329,200,528,392
frame_2111.jpg,134,85,hand,499,198,633,283
frame_2111.jpg,146,91,hand,270,221,416,312
frame_2140.jpg,61,18,hand,185,698,246,716
frame_2140.jpg,379,311,hand,651,351,1030,662
frame_2140.jpg,134,87,hand,526,134,660,221
frame_2140.jpg,154,91,hand,290,161,444,252
frame_2181.jpg,277,197,hand,129,358,406,555
frame_2181.jpg,34,12,hand,576,704,610,716
frame_2181.jpg,134,107,hand,612,102,746,209
frame_2181.jpg,153,96,hand,383,188,536,284
frame_2185.jpg,273,199,hand,121,346,394,545
frame_2185.jpg,66,26,hand,555,692,621,718
frame_2185.jpg,141,103,hand,600,98,741,201
frame_2185.jpg,141,94,hand,389,180,530,274
frame_2186.jpg,285,196,hand,102,344,387,540
frame_2186.jpg,72,26,hand,550,691,622,717
frame_2186.jpg,128,94,hand,609,102,737,196
frame_2186.jpg,140,90,hand,395,180,535,270
frame_2206.jpg,211,62,hand,282,656,493,718
frame_2206.jpg,131,77,hand,651,175,782,252
frame_2206.jpg,139,80,hand,445,200,584,280
frame_2312.jpg,208,81,hand,181,635,389,716
frame_2312.jpg,205,48,hand,374,668,579,716
frame_2312.jpg,138,86,hand,616,123,754,209
frame_2312.jpg,181,176,hand,250,150,431,326
frame_2345.jpg,177,72,hand,201,646,378,718
frame_2345.jpg,194,28,hand,377,685,571,713
frame_2345.jpg,124,79,hand,626,142,750,221
frame_2345.jpg,177,165,hand,308,181,485,346
frame_2377.jpg,277,163,hand,126,547,403,710
frame_2377.jpg,132,97,hand,656,167,788,264
frame_2377.jpg,117,105,hand,327,289,444,394
frame_2384.jpg,316,207,hand,86,510,402,717
frame_2384.jpg,128,96,hand,635,147,763,243
frame_2384.jpg,122,103,hand,296,281,418,384
frame_2394.jpg,254,183,hand,57,527,311,710
frame_2394.jpg,35,12,hand,548,705,583,717
frame_2394.jpg,135,101,hand,634,120,769,221
frame_2394.jpg,127,103,hand,295,252,422,355
frame_2398.jpg,127,40,hand,271,676,398,716
frame_2398.jpg,163,16,hand,464,702,627,718
frame_2398.jpg,133,107,hand,650,109,783,216
frame_2398.jpg,127,99,hand,316,245,443,344
frame_2431.jpg,344,235,hand,92,388,436,623
frame_2431.jpg,204,58,hand,435,655,639,713
frame_2431.jpg,136,95,hand,602,57,738,152
frame_2431.jpg,131,111,hand,246,202,377,313
frame_2459.jpg,140,34,hand,179,684,319,718
frame_2459.jpg,38,13,hand,539,705,577,718
frame_2459.jpg,132,79,hand,608,179,740,258
frame_2459.jpg,116,100,hand,284,296,400,396
frame_2464.jpg,120,53,hand,295,663,415,716
frame_2464.jpg,157,31,hand,437,683,594,714
frame_2464.jpg,124,83,hand,597,196,721,279
frame_2464.jpg,118,102,hand,271,296,389,398
frame_2478.jpg,207,78,hand,241,638,448,716
frame_2478.jpg,183,50,hand,439,668,622,718
frame_2478.jpg,130,83,hand,600,176,730,259
frame_2478.jpg,124,95,hand,258,260,382,355
frame_2535.jpg,223,99,hand,177,614,400,713
frame_2535.jpg,199,89,hand,394,627,593,716
frame_2535.jpg,124,80,hand,571,150,695,230
frame_2535.jpg,173,132,hand,333,81,506,213
frame_2543.jpg,217,96,hand,174,622,391,718
frame_2543.jpg,190,69,hand,393,644,583,713
frame_2543.jpg,135,91,hand,556,150,691,241
frame_2543.jpg,171,136,hand,371,122,542,258
frame_2556.jpg,215,97,hand,166,621,381,718
frame_2556.jpg,201,78,hand,382,636,583,714
frame_2556.jpg,141,91,hand,552,144,693,235
frame_2556.jpg,150,125,hand,402,142,552,267
frame_2613.jpg,209,87,hand,139,631,348,718
frame_2613.jpg,186,68,hand,354,650,540,718
frame_2613.jpg,142,91,hand,521,146,663,237
frame_2613.jpg,168,152,hand,207,193,375,345
frame_2641.jpg,198,68,hand,156,650,354,718
frame_2641.jpg,183,51,hand,365,667,548,718
frame_2641.jpg,134,88,hand,540,146,674,234
frame_2641.jpg,156,137,hand,208,114,364,251
frame_2669.jpg,292,240,hand,561,370,853,610
frame_2669.jpg,146,97,hand,569,165,715,262
frame_2669.jpg,130,90,hand,389,194,519,284
frame_0010.jpg,31,78,hand,704,351,735,429
frame_0021.jpg,47,68,hand,673,321,720,389
frame_0030.jpg,66,111,hand,666,314,732,425
frame_0030.jpg,15,65,hand,496,354,511,419
frame_0033.jpg,94,109,hand,671,306,765,415
frame_0033.jpg,16,68,hand,492,350,508,418
frame_0044.jpg,184,151,hand,669,568,853,719
frame_0044.jpg,102,104,hand,631,341,733,445
frame_0044.jpg,14,70,hand,472,387,486,457
frame_0091.jpg,265,254,hand,686,413,951,667
frame_0091.jpg,76,98,hand,728,342,804,440
frame_0091.jpg,21,76,hand,544,348,565,424
frame_0150.jpg,149,225,hand,873,238,1022,463
frame_0150.jpg,19,25,hand,918,497,937,522
frame_0150.jpg,130,124,hand,787,360,917,484
frame_0164.jpg,139,223,hand,891,225,1030,448
frame_0164.jpg,22,31,hand,963,517,985,548
frame_0164.jpg,119,129,hand,821,379,940,508
frame_0208.jpg,349,275,hand,729,276,1078,551
frame_0208.jpg,135,114,hand,510,403,645,517
frame_0212.jpg,322,247,hand,740,288,1062,535
frame_0212.jpg,149,113,hand,505,396,654,509
frame_0223.jpg,291,243,hand,756,289,1047,532
frame_0223.jpg,144,121,hand,503,369,647,490
frame_0245.jpg,101,14,hand,825,704,926,718
frame_0245.jpg,50,97,hand,757,379,807,476
frame_0245.jpg,113,157,hand,483,326,596,483
frame_0250.jpg,61,9,hand,849,710,910,719
frame_0250.jpg,67,107,hand,757,377,824,484
frame_0250.jpg,100,155,hand,490,332,590,487
frame_0267.jpg,78,11,hand,817,708,895,719
frame_0267.jpg,70,107,hand,741,379,811,486
frame_0267.jpg,106,162,hand,475,333,581,495
frame_0297.jpg,66,102,hand,744,384,810,486
frame_0297.jpg,96,151,hand,483,337,579,488
frame_0309.jpg,72,106,hand,742,385,814,491
frame_0309.jpg,102,153,hand,480,338,582,491
frame_0332.jpg,73,106,hand,744,389,817,495
frame_0332.jpg,123,157,hand,450,362,573,519
frame_0353.jpg,74,101,hand,748,390,822,491
frame_0353.jpg,88,169,hand,501,387,589,556
frame_0398.jpg,68,105,hand,743,408,811,513
frame_0398.jpg,112,127,hand,452,137,564,264
frame_0450.jpg,73,111,hand,719,399,792,510
frame_0450.jpg,145,159,hand,433,164,578,323
frame_0456.jpg,236,141,hand,718,578,954,719
frame_0456.jpg,70,112,hand,715,408,785,520
frame_0456.jpg,93,110,hand,450,347,543,457
frame_0487.jpg,268,340,hand,675,375,943,715
frame_0487.jpg,62,67,hand,756,356,818,423
frame_0487.jpg,105,129,hand,494,393,599,522
frame_0489.jpg,283,346,hand,677,373,960,719
frame_0489.jpg,69,70,hand,753,353,822,423
frame_0489.jpg,110,132,hand,492,392,602,524
frame_0523.jpg,349,199,hand,665,175,1014,374
frame_0523.jpg,73,123,hand,702,487,775,610
frame_0523.jpg,118,139,hand,439,526,557,665
frame_0550.jpg,326,265,hand,576,109,902,374
frame_0550.jpg,65,121,hand,744,476,809,597
frame_0550.jpg,117,151,hand,473,505,590,656
frame_0567.jpg,138,45,hand,793,674,931,719
frame_0567.jpg,62,103,hand,733,387,795,490
frame_0567.jpg,90,176,hand,484,401,574,577
frame_0582.jpg,132,28,hand,779,691,911,719
frame_0582.jpg,61,104,hand,741,379,802,483
frame_0582.jpg,101,164,hand,494,394,595,558
frame_0583.jpg,139,31,hand,777,688,916,719
frame_0583.jpg,66,105,hand,733,379,799,484
frame_0583.jpg,97,165,hand,496,398,593,563
frame_0592.jpg,126,24,hand,791,695,917,719
frame_0592.jpg,71,103,hand,743,383,814,486
frame_0592.jpg,92,164,hand,507,398,599,562
frame_0662.jpg,97,18,hand,793,700,890,718
frame_0662.jpg,67,111,hand,734,387,801,498
frame_0662.jpg,158,177,hand,453,440,611,617
frame_0708.jpg,68,107,hand,737,409,805,516
frame_0708.jpg,102,153,hand,468,350,570,503
frame_0724.jpg,60,109,hand,760,395,820,504
frame_0724.jpg,90,145,hand,500,330,590,475
frame_0773.jpg,80,107,hand,723,410,803,517
frame_0773.jpg,147,115,hand,541,225,688,340
frame_0783.jpg,82,109,hand,716,412,798,521
frame_0783.jpg,198,228,hand,615,178,813,406
frame_0829.jpg,82,108,hand,727,424,809,532
frame_0829.jpg,187,162,hand,465,38,652,200
frame_0831.jpg,84,108,hand,728,423,812,531
frame_0831.jpg,148,161,hand,452,64,600,225
frame_0865.jpg,251,211,hand,233,508,484,719
frame_0865.jpg,222,211,hand,645,508,867,719
frame_0865.jpg,87,103,hand,701,423,788,526
frame_0865.jpg,126,142,hand,404,415,530,557
frame_0887.jpg,87,21,hand,407,697,494,718
frame_0887.jpg,232,289,hand,618,430,850,719
frame_0887.jpg,64,81,hand,729,380,793,461
frame_0887.jpg,122,147,hand,419,408,541,555
frame_0900.jpg,82,16,hand,422,703,504,719
frame_0900.jpg,243,259,hand,612,460,855,719
frame_0900.jpg,61,110,hand,747,379,808,489
frame_0900.jpg,124,150,hand,430,405,554,555
frame_0921.jpg,45,11,hand,478,708,523,719
frame_0921.jpg,250,294,hand,670,425,920,719
frame_0921.jpg,55,54,hand,786,388,841,442
frame_0921.jpg,126,149,hand,465,407,591,556
frame_0934.jpg,58,14,hand,488,704,546,718
frame_0934.jpg,260,294,hand,671,425,931,719
frame_0934.jpg,53,76,hand,799,394,852,470
frame_0934.jpg,125,146,hand,477,410,602,556
frame_0994.jpg,315,326,hand,679,200,994,526
frame_0994.jpg,38,98,hand,765,440,803,538
frame_0994.jpg,133,154,hand,456,448,589,602
frame_1019.jpg,315,322,hand,693,208,1008,530
frame_1019.jpg,39,90,hand,792,434,831,524
frame_1019.jpg,130,140,hand,518,277,648,417
frame_1068.jpg,150,40,hand,778,679,928,719
frame_1068.jpg,61,109,hand,718,410,779,519
frame_1068.jpg,116,131,hand,446,273,562,404
frame_1077.jpg,152,40,hand,779,678,931,718
frame_1077.jpg,54,102,hand,717,413,771,515
frame_1077.jpg,56,130,hand,507,262,563,392
frame_1086.jpg,156,50,hand,774,668,930,718
frame_1086.jpg,60,110,hand,712,408,772,518
frame_1086.jpg,43,116,hand,519,259,562,375
frame_1097.jpg,156,46,hand,772,673,928,719
frame_1097.jpg,60,107,hand,708,409,768,516
frame_1097.jpg,37,98,hand,520,272,557,370
frame_1123.jpg,157,41,hand,754,678,911,719
frame_1123.jpg,69,111,hand,693,410,762,521
frame_1123.jpg,192,245,hand,632,108,824,353
frame_1162.jpg,150,42,hand,741,677,891,719
frame_1162.jpg,73,106,hand,673,414,746,520
frame_1162.jpg,184,222,hand,639,120,823,342
frame_1195.jpg,161,51,hand,732,668,893,719
frame_1195.jpg,74,104,hand,672,413,746,517
frame_1195.jpg,177,147,hand,465,1,642,148
frame_1206.jpg,46,11,hand,389,708,435,719
frame_1206.jpg,171,64,hand,743,654,914,718
frame_1206.jpg,71,106,hand,676,395,747,501
frame_1206.jpg,234,189,hand,447,16,681,205
frame_1291.jpg,122,36,hand,398,683,520,719
frame_1291.jpg,278,368,hand,656,323,934,691
frame_1291.jpg,65,88,hand,719,376,784,464
frame_1291.jpg,158,127,hand,432,389,590,516
frame_1292.jpg,101,29,hand,404,690,505,719
frame_1292.jpg,286,372,hand,656,321,942,693
frame_1292.jpg,62,92,hand,721,372,783,464
frame_1292.jpg,146,126,hand,437,389,583,515
frame_1294.jpg,119,32,hand,400,687,519,719
frame_1294.jpg,287,377,hand,658,315,945,692
frame_1294.jpg,59,90,hand,725,374,784,464
frame_1294.jpg,152,124,hand,438,392,590,516
frame_1379.jpg,144,43,hand,380,676,524,719
frame_1379.jpg,281,378,hand,681,278,962,656
frame_1379.jpg,40,73,hand,745,364,785,437
frame_1379.jpg,144,125,hand,435,375,579,500
frame_1381.jpg,146,45,hand,382,674,528,719
frame_1381.jpg,269,374,hand,681,279,950,653
frame_1381.jpg,48,59,hand,741,363,789,422
frame_1381.jpg,143,125,hand,430,377,573,502
frame_1388.jpg,153,46,hand,376,673,529,719
frame_1388.jpg,263,385,hand,698,277,961,662
frame_1388.jpg,31,58,hand,754,364,785,422
frame_1388.jpg,145,123,hand,433,375,578,498
frame_1395.jpg,151,44,hand,380,675,531,719
frame_1395.jpg,292,374,hand,689,278,981,652
frame_1395.jpg,33,65,hand,750,365,783,430
frame_1395.jpg,146,122,hand,440,381,586,503
frame_1405.jpg,173,48,hand,362,671,535,719
frame_1405.jpg,284,404,hand,693,277,977,681
frame_1405.jpg,44,57,hand,737,379,781,436
frame_1405.jpg,139,124,hand,438,371,577,495
frame_1429.jpg,175,54,hand,360,665,535,719
frame_1429.jpg,255,372,hand,735,269,990,641
frame_1429.jpg,32,58,hand,720,396,752,454
frame_1429.jpg,147,122,hand,434,368,581,490
frame_1441.jpg,189,59,hand,346,660,535,719
frame_1441.jpg,249,370,hand,754,262,1003,632
frame_1441.jpg,48,79,hand,717,372,765,451
frame_1441.jpg,145,117,hand,432,368,577,485
frame_1472.jpg,188,64,hand,346,655,534,719
frame_1472.jpg,244,362,hand,795,266,1039,628
frame_1472.jpg,63,87,hand,720,360,783,447
frame_1472.jpg,148,121,hand,436,358,584,479
frame_1485.jpg,148,43,hand,373,675,521,718
frame_1485.jpg,310,371,hand,797,346,1107,717
frame_1485.jpg,73,103,hand,708,364,781,467
frame_1485.jpg,151,120,hand,432,381,583,501
frame_1527.jpg,78,21,hand,444,697,522,718
frame_1527.jpg,331,466,hand,839,175,1170,641
frame_1527.jpg,49,102,hand,754,411,803,513
frame_1527.jpg,155,122,hand,453,399,608,521
frame_1565.jpg,188,58,hand,344,659,532,717
frame_1565.jpg,181,73,hand,750,645,931,718
frame_1565.jpg,74,105,hand,711,363,785,468
frame_1565.jpg,106,164,hand,457,301,563,465
frame_1624.jpg,182,66,hand,364,652,546,718
frame_1624.jpg,177,75,hand,770,644,947,719
frame_1624.jpg,62,103,hand,733,366,795,469
frame_1624.jpg,117,185,hand,411,264,528,449
frame_1627.jpg,190,62,hand,364,656,554,718
frame_1627.jpg,178,73,hand,773,645,951,718
frame_1627.jpg,62,103,hand,732,367,794,470
frame_1627.jpg,139,202,hand,381,222,520,424
frame_1691.jpg,169,217,hand,409,502,578,719
frame_1691.jpg,188,211,hand,689,508,877,719
frame_1691.jpg,120,363,hand,711,218,831,581
frame_1691.jpg,179,344,hand,444,186,623,530
frame_1709.jpg,171,199,hand,404,520,575,719
frame_1709.jpg,147,191,hand,704,527,851,718
frame_1709.jpg,95,334,hand,697,270,792,604
frame_1709.jpg,165,328,hand,449,224,614,552
frame_1734.jpg,191,168,hand,259,550,450,718
frame_1734.jpg,320,259,hand,706,457,1026,716
frame_1734.jpg,99,324,hand,614,292,713,616
frame_1734.jpg,164,339,hand,376,265,540,604
frame_1795.jpg,171,107,hand,293,611,464,718
frame_1795.jpg,295,180,hand,575,537,870,717
frame_1795.jpg,180,227,hand,633,320,813,547
frame_1795.jpg,179,213,hand,151,398,330,611
frame_1831.jpg,246,68,hand,271,651,517,719
frame_1831.jpg,297,79,hand,763,640,1060,719
frame_1831.jpg,95,167,hand,579,195,674,362
frame_1831.jpg,82,144,hand,330,211,412,355
frame_1838.jpg,231,86,hand,309,633,540,719
frame_1838.jpg,292,117,hand,766,602,1058,719
frame_1838.jpg,97,132,hand,512,197,609,329
frame_1838.jpg,116,124,hand,309,205,425,329
frame_1842.jpg,229,90,hand,314,629,543,719
frame_1842.jpg,290,99,hand,705,620,995,719
frame_1842.jpg,83,115,hand,470,201,553,316
frame_1842.jpg,143,117,hand,293,180,436,297
frame_1859.jpg,189,41,hand,468,678,657,719
frame_1859.jpg,84,79,hand,497,235,581,314
frame_1859.jpg,194,118,hand,275,212,469,330
frame_1870.jpg,489,421,hand,95,201,584,622
frame_1870.jpg,116,168,hand,558,231,674,399
frame_1870.jpg,174,113,hand,181,159,355,272
frame_1921.jpg,478,374,hand,801,344,1279,718
frame_1921.jpg,195,141,hand,617,212,812,353
frame_1921.jpg,193,172,hand,223,69,416,241
frame_1967.jpg,78,16,hand,852,700,930,716
frame_1967.jpg,139,202,hand,647,56,786,258
frame_1967.jpg,213,206,hand,312,72,525,278
frame_2010.jpg,163,253,hand,610,169,773,422
frame_2010.jpg,243,202,hand,368,156,611,358
frame_2099.jpg,425,324,hand,657,85,1082,409
frame_2099.jpg,43,42,hand,598,400,641,442
frame_2099.jpg,141,112,hand,509,293,650,405
frame_2138.jpg,200,164,hand,615,136,815,300
frame_2138.jpg,384,289,hand,340,74,724,363
frame_2142.jpg,186,157,hand,616,162,802,319
frame_2142.jpg,402,257,hand,305,118,707,375
frame_2265.jpg,220,76,hand,351,643,571,719
frame_2265.jpg,85,11,hand,689,708,774,719
frame_2265.jpg,85,161,hand,703,313,788,474
frame_2265.jpg,156,187,hand,281,389,437,576
frame_2266.jpg,133,34,hand,377,684,510,718
frame_2266.jpg,183,34,hand,588,685,771,719
frame_2266.jpg,89,171,hand,698,301,787,472
frame_2266.jpg,159,178,hand,269,396,428,574
frame_2285.jpg,228,206,hand,519,512,747,718
frame_2285.jpg,68,156,hand,730,341,798,497
frame_2285.jpg,174,162,hand,333,404,507,566
frame_2378.jpg,381,212,hand,760,117,1141,329
frame_2378.jpg,31,89,hand,775,477,806,566
frame_2378.jpg,157,175,hand,366,427,523,602
frame_2394.jpg,355,414,hand,900,143,1255,557
frame_2394.jpg,34,109,hand,758,444,792,553
frame_2394.jpg,167,179,hand,354,382,521,561
frame_2425.jpg,103,142,hand,693,420,796,562
frame_2425.jpg,84,142,hand,436,291,520,433
frame_2431.jpg,101,139,hand,696,410,797,549
frame_2431.jpg,62,126,hand,470,356,532,482
frame_2444.jpg,63,9,hand,765,710,828,719
frame_2444.jpg,104,134,hand,668,407,772,541
frame_2444.jpg,134,146,hand,366,400,500,546
frame_2462.jpg,117,34,hand,335,684,452,718
frame_2462.jpg,99,24,hand,793,694,892,718
frame_2462.jpg,106,134,hand,691,408,797,542
frame_2462.jpg,83,148,hand,446,355,529,503
frame_2465.jpg,114,36,hand,340,683,454,719
frame_2465.jpg,117,25,hand,796,694,913,719
frame_2465.jpg,106,131,hand,696,412,802,543
frame_2465.jpg,74,149,hand,458,351,532,500
frame_2510.jpg,93,24,hand,721,695,814,719
frame_2510.jpg,106,131,hand,678,388,784,519
frame_2510.jpg,77,140,hand,435,297,512,437
frame_2519.jpg,90,20,hand,725,698,815,718
frame_2519.jpg,112,132,hand,676,386,788,518
frame_2519.jpg,50,135,hand,462,285,512,420
frame_2556.jpg,109,136,hand,682,452,791,588
frame_2556.jpg,221,135,hand,566,165,787,300
frame_2566.jpg,196,102,hand,624,616,820,718
frame_2566.jpg,110,135,hand,666,415,776,550
frame_2566.jpg,164,185,hand,350,147,514,332
frame_2568.jpg,131,67,hand,310,652,441,719
frame_2568.jpg,110,130,hand,661,399,771,529
frame_2568.jpg,173,185,hand,347,138,520,323
frame_2569.jpg,173,103,hand,266,614,439,717
frame_2569.jpg,109,131,hand,661,398,770,529
frame_2569.jpg,174,193,hand,348,125,522,318
frame_2588.jpg,116,63,hand,661,655,777,718
frame_2588.jpg,112,128,hand,697,400,809,528
frame_2588.jpg,129,184,hand,416,147,545,331
frame_2652.jpg,432,232,hand,678,110,1110,342
frame_2652.jpg,73,154,hand,770,489,843,643
frame_2652.jpg,149,177,hand,459,469,608,646
frame_0012.jpg,133,104,hand,690,303,823,407
frame_0070.jpg,132,91,hand,696,235,828,326
frame_0070.jpg,100,131,hand,414,214,514,345
frame_0072.jpg,131,95,hand,694,235,825,330
frame_0072.jpg,99,130,hand,419,222,518,352
frame_0094.jpg,134,98,hand,679,260,813,358
frame_0094.jpg,98,127,hand,399,250,497,377
frame_0099.jpg,136,98,hand,679,273,815,371
frame_0099.jpg,104,136,hand,397,256,501,392
frame_0141.jpg,260,337,hand,616,123,876,460
frame_0179.jpg,106,102,hand,679,324,785,426
frame_0179.jpg,218,407,hand,777,133,995,540
frame_0206.jpg,111,104,hand,681,349,792,453
frame_0206.jpg,167,140,hand,499,46,666,186
frame_0228.jpg,276,261,hand,594,457,870,718
frame_0228.jpg,112,97,hand,652,394,764,491
frame_0228.jpg,229,138,hand,378,95,607,233
frame_0251.jpg,275,339,hand,565,373,840,712
frame_0251.jpg,89,63,hand,677,375,766,438
frame_0251.jpg,86,136,hand,383,396,469,532
frame_0290.jpg,273,364,hand,599,318,872,682
frame_0290.jpg,81,49,hand,719,347,800,396
frame_0290.jpg,76,138,hand,427,360,503,498
frame_0300.jpg,284,381,hand,601,320,885,701
frame_0300.jpg,87,49,hand,713,345,800,394
frame_0300.jpg,72,144,hand,433,358,505,502
frame_0307.jpg,284,381,hand,605,322,889,703
frame_0307.jpg,89,47,hand,715,345,804,392
frame_0307.jpg,83,140,hand,427,360,510,500
frame_0344.jpg,271,311,hand,580,407,851,718
frame_0344.jpg,97,102,hand,739,360,836,462
frame_0344.jpg,87,144,hand,442,362,529,506
frame_0386.jpg,252,254,hand,847,464,1099,718
frame_0386.jpg,101,110,hand,739,343,840,453
frame_0386.jpg,89,142,hand,446,339,535,481
frame_0399.jpg,320,401,hand,618,4,938,405
frame_0399.jpg,125,102,hand,609,290,734,392
frame_0399.jpg,67,127,hand,349,320,416,447
frame_0411.jpg,352,309,hand,537,0,889,309
frame_0411.jpg,98,99,hand,662,299,760,398
frame_0411.jpg,68,127,hand,387,326,455,453
frame_0419.jpg,337,354,hand,571,0,908,354
frame_0419.jpg,108,101,hand,669,301,777,402
frame_0419.jpg,83,123,hand,389,326,472,449
frame_0425.jpg,349,371,hand,580,0,929,371
frame_0425.jpg,102,103,hand,677,299,779,402
frame_0425.jpg,68,125,hand,404,322,472,447
frame_0526.jpg,153,101,hand,643,496,796,597
frame_0526.jpg,203,211,hand,296,104,499,315
frame_0668.jpg,214,313,hand,741,405,955,718
frame_0668.jpg,125,102,hand,760,313,885,415
frame_0668.jpg,70,130,hand,469,315,539,445
frame_0674.jpg,209,292,hand,830,424,1039,716
frame_0674.jpg,123,102,hand,764,339,887,441
frame_0674.jpg,76,133,hand,478,337,554,470
frame_0684.jpg,224,345,hand,815,373,1039,718
frame_0684.jpg,126,97,hand,666,324,792,421
frame_0684.jpg,74,132,hand,387,330,461,462
frame_0685.jpg,225,364,hand,785,354,1010,718
frame_0685.jpg,125,102,hand,633,322,758,424
frame_0685.jpg,78,138,hand,353,328,431,466
frame_0696.jpg,322,422,hand,652,294,974,716
frame_0696.jpg,108,95,hand,698,318,806,413
frame_0696.jpg,77,131,hand,416,326,493,457
frame_0757.jpg,277,384,hand,601,330,878,714
frame_0757.jpg,98,85,hand,787,322,885,407
frame_0757.jpg,89,133,hand,474,324,563,457
frame_0782.jpg,207,38,hand,260,680,467,718
frame_0782.jpg,309,310,hand,419,10,728,320
frame_0782.jpg,116,110,hand,457,220,573,330
frame_0793.jpg,254,66,hand,268,652,522,718
frame_0793.jpg,227,239,hand,478,2,705,241
frame_0793.jpg,125,121,hand,484,190,609,311
frame_0838.jpg,329,392,hand,535,55,864,447
frame_0838.jpg,89,106,hand,637,345,726,451
frame_0838.jpg,87,138,hand,353,362,440,500
frame_0885.jpg,221,74,hand,647,644,868,718
frame_0885.jpg,144,136,hand,669,383,813,519
frame_0912.jpg,208,87,hand,662,631,870,718
frame_0912.jpg,142,138,hand,669,368,811,506
frame_0926.jpg,220,89,hand,656,629,876,718
frame_0926.jpg,136,136,hand,666,368,802,504
frame_0957.jpg,214,138,hand,639,580,853,718
frame_0957.jpg,136,136,hand,658,328,794,464
frame_0957.jpg,29,48,hand,637,176,666,224
frame_0993.jpg,225,165,hand,586,553,811,718
frame_0993.jpg,139,131,hand,669,286,808,417
frame_0993.jpg,201,123,hand,296,2,497,125
frame_1016.jpg,265,322,hand,550,229,815,551
frame_1016.jpg,303,171,hand,283,0,586,171
frame_1028.jpg,235,362,hand,508,254,743,616
frame_1028.jpg,63,149,hand,707,294,770,443
frame_1028.jpg,137,157,hand,260,195,397,352
frame_1069.jpg,231,388,hand,580,326,811,714
frame_1069.jpg,106,154,hand,313,356,419,510
frame_1075.jpg,246,411,hand,495,299,741,710
frame_1075.jpg,108,146,hand,696,354,804,500
frame_1075.jpg,115,158,hand,327,352,442,510
frame_1094.jpg,267,411,hand,497,269,764,680
frame_1094.jpg,123,152,hand,743,388,866,540
frame_1094.jpg,112,150,hand,385,375,497,525
frame_1097.jpg,301,441,hand,499,273,800,714
frame_1097.jpg,106,148,hand,764,392,870,540
frame_1097.jpg,110,161,hand,395,362,505,523
frame_1109.jpg,470,248,hand,419,0,889,248
frame_1109.jpg,146,127,hand,762,373,908,500
frame_1109.jpg,123,138,hand,433,326,556,464
frame_1153.jpg,189,241,hand,395,0,584,241
frame_1153.jpg,134,136,hand,732,326,866,462
frame_1153.jpg,116,153,hand,406,294,522,447
frame_1167.jpg,324,258,hand,141,0,465,258
frame_1167.jpg,133,145,hand,707,349,840,494
frame_1167.jpg,129,152,hand,372,337,501,489
frame_1174.jpg,184,108,hand,474,0,658,108
frame_1174.jpg,134,151,hand,698,453,832,604
frame_1174.jpg,136,159,hand,361,430,497,589
frame_1207.jpg,390,238,hand,647,12,1037,250
frame_1207.jpg,144,155,hand,751,472,895,627
frame_1207.jpg,138,145,hand,416,438,554,583
frame_1249.jpg,199,38,hand,171,680,370,718
frame_1249.jpg,287,379,hand,577,339,864,718
frame_1249.jpg,142,102,hand,662,269,804,371
frame_1249.jpg,121,151,hand,338,154,459,305
frame_1289.jpg,229,68,hand,503,650,732,718
frame_1289.jpg,142,125,hand,633,299,775,424
frame_1289.jpg,110,163,hand,279,184,389,347
frame_1298.jpg,208,55,hand,539,663,747,718
frame_1298.jpg,144,142,hand,645,296,789,438
frame_1298.jpg,96,161,hand,306,193,402,354
frame_1326.jpg,159,27,hand,582,691,741,718
frame_1326.jpg,140,136,hand,666,311,806,447
frame_1326.jpg,106,165,hand,319,197,425,362
frame_1328.jpg,161,25,hand,575,693,736,718
frame_1328.jpg,146,134,hand,660,311,806,445
frame_1328.jpg,104,170,hand,323,188,427,358
frame_1339.jpg,120,21,hand,616,697,736,718
frame_1339.jpg,146,137,hand,679,318,825,455
frame_1339.jpg,100,167,hand,344,199,444,366
frame_1348.jpg,93,15,hand,635,703,728,718
frame_1348.jpg,149,139,hand,679,318,828,457
frame_1348.jpg,102,176,hand,340,195,442,371
frame_1368.jpg,148,140,hand,690,322,838,462
frame_1368.jpg,102,169,hand,363,193,465,362
frame_1438.jpg,142,138,hand,715,341,857,479
frame_1438.jpg,146,167,hand,340,165,486,332
frame_1442.jpg,146,134,hand,713,345,859,479
frame_1442.jpg,149,172,hand,342,165,491,337
frame_1486.jpg,153,134,hand,698,379,851,513
frame_1486.jpg,169,140,hand,319,212,488,352
frame_1533.jpg,142,157,hand,650,438,792,595
frame_1533.jpg,87,133,hand,353,358,440,491
frame_1562.jpg,259,322,hand,554,394,813,716
frame_1562.jpg,87,164,hand,753,368,840,532
frame_1562.jpg,93,134,hand,391,349,484,483
frame_1617.jpg,299,434,hand,660,282,959,716
frame_1617.jpg,111,146,hand,736,303,847,449
frame_1617.jpg,74,139,hand,419,263,493,402
frame_1621.jpg,239,377,hand,747,335,986,712
frame_1621.jpg,142,134,hand,719,309,861,443
frame_1621.jpg,91,146,hand,408,265,499,411
frame_1631.jpg,297,378,hand,749,332,1046,710
frame_1631.jpg,146,137,hand,715,354,861,491
frame_1631.jpg,85,131,hand,410,339,495,470
frame_1684.jpg,184,293,hand,427,95,611,388
frame_1684.jpg,273,385,hand,597,123,870,508
frame_1684.jpg,113,147,hand,753,421,866,568
frame_1684.jpg,110,167,hand,480,371,590,538
frame_1730.jpg,174,326,hand,370,161,544,487
frame_1730.jpg,216,402,hand,597,104,813,506
frame_1730.jpg,131,229,hand,800,326,931,555
frame_1755.jpg,155,339,hand,391,246,546,585
frame_1755.jpg,271,411,hand,597,241,868,652
frame_1755.jpg,184,297,hand,792,413,976,710
frame_1759.jpg,222,329,hand,419,201,641,530
frame_1759.jpg,256,415,hand,597,250,853,665
frame_1759.jpg,123,288,hand,796,347,919,635
frame_1759.jpg,148,222,hand,340,235,488,457
frame_1812.jpg,244,229,hand,92,487,336,716
frame_1812.jpg,238,99,hand,914,619,1152,718
frame_1812.jpg,199,243,hand,616,267,815,510
frame_1812.jpg,96,250,hand,323,275,419,525
frame_1832.jpg,284,155,hand,145,563,429,718
frame_1832.jpg,206,159,hand,588,559,794,718
frame_1832.jpg,174,163,hand,675,263,849,426
frame_1832.jpg,114,184,hand,370,246,484,430
frame_1834.jpg,221,144,hand,149,574,370,718
frame_1834.jpg,195,188,hand,599,530,794,718
frame_1834.jpg,157,142,hand,675,263,832,405
frame_1834.jpg,136,197,hand,346,233,482,430
frame_1903.jpg,395,292,hand,238,161,633,453
frame_1903.jpg,483,347,hand,745,0,1228,347
frame_1903.jpg,207,167,hand,724,352,931,519
frame_1903.jpg,246,103,hand,363,87,609,190
frame_1920.jpg,424,339,hand,192,231,616,570
frame_1920.jpg,301,527,hand,978,125,1279,652
frame_1920.jpg,197,174,hand,717,400,914,574
frame_1920.jpg,250,165,hand,361,55,611,220
frame_1935.jpg,426,358,hand,52,318,478,676
frame_1935.jpg,120,232,hand,1159,486,1279,718
frame_1935.jpg,212,197,hand,660,445,872,642
frame_1935.jpg,269,150,hand,264,197,533,347
frame_1961.jpg,299,378,hand,1,101,300,479
frame_1961.jpg,350,352,hand,751,186,1101,538
frame_1961.jpg,95,74,hand,811,301,906,375
frame_1961.jpg,150,210,hand,349,275,499,485
frame_1968.jpg,356,235,hand,160,74,516,309
frame_1968.jpg,348,287,hand,605,137,953,424
frame_1968.jpg,159,123,hand,707,383,866,506
frame_1968.jpg,135,172,hand,353,328,488,500
frame_1982.jpg,233,165,hand,378,108,611,273
frame_1982.jpg,301,237,hand,565,110,866,347
frame_1982.jpg,89,144,hand,711,383,800,527
frame_2034.jpg,173,36,hand,12,680,185,716
frame_2034.jpg,265,155,hand,616,563,881,718
frame_2034.jpg,182,153,hand,694,292,876,445
frame_2034.jpg,282,212,hand,357,6,639,218
frame_2042.jpg,263,135,hand,69,583,332,718
frame_2042.jpg,274,246,hand,683,472,957,718
frame_2042.jpg,184,161,hand,766,233,950,394
frame_2067.jpg,275,170,hand,188,546,463,716
frame_2067.jpg,241,193,hand,635,525,876,718
frame_2067.jpg,163,155,hand,584,222,747,377
frame_2079.jpg,303,169,hand,264,549,567,718
frame_2079.jpg,346,252,hand,482,466,828,718
frame_2079.jpg,144,161,hand,698,313,842,474
frame_2087.jpg,282,102,hand,522,614,804,716
frame_2087.jpg,152,157,hand,705,398,857,555
frame_2087.jpg,208,144,hand,448,8,656,152
frame_2107.jpg,157,172,hand,715,421,872,593
frame_2107.jpg,331,290,hand,414,0,745,290
frame_2115.jpg,101,25,hand,313,693,414,718
frame_2115.jpg,233,72,hand,508,646,741,718
frame_2115.jpg,195,178,hand,690,468,885,646
frame_2115.jpg,191,129,hand,308,229,499,358
frame_2143.jpg,369,246,hand,215,53,584,299
frame_2143.jpg,454,222,hand,535,15,989,237
frame_2143.jpg,172,176,hand,696,398,868,574
frame_2154.jpg,356,341,hand,107,40,463,381
frame_2154.jpg,428,277,hand,652,0,1080,277
frame_2154.jpg,180,149,hand,669,364,849,513
frame_2157.jpg,320,385,hand,1,159,321,544
frame_2157.jpg,339,454,hand,779,63,1118,517
frame_2157.jpg,174,142,hand,662,343,836,485
frame_2228.jpg,193,172,hand,709,328,902,500
frame_2228.jpg,48,30,hand,635,235,683,265
frame_2240.jpg,185,161,hand,732,432,917,593
frame_2240.jpg,229,114,hand,450,157,679,271
frame_2251.jpg,176,158,hand,736,441,912,599
frame_2251.jpg,102,187,hand,412,349,514,536
frame_2257.jpg,157,157,hand,719,485,876,642
frame_2257.jpg,74,172,hand,431,434,505,606
frame_2276.jpg,257,42,hand,20,676,277,718
frame_2276.jpg,182,72,hand,703,646,885,718
frame_2276.jpg,174,146,hand,658,392,832,538
frame_2276.jpg,65,138,hand,635,307,700,445
frame_2378.jpg,76,19,hand,224,699,300,718
frame_2378.jpg,241,93,hand,724,623,965,716
frame_2378.jpg,187,165,hand,698,343,885,508
frame_2378.jpg,224,76,hand,281,2,505,78
frame_2380.jpg,85,27,hand,232,691,317,718
frame_2380.jpg,252,104,hand,709,614,961,718
frame_2380.jpg,187,161,hand,694,341,881,502
frame_2380.jpg,238,72,hand,287,0,525,72
frame_2429.jpg,149,21,hand,145,697,294,718
frame_2429.jpg,305,352,hand,482,366,787,718
frame_2429.jpg,149,144,hand,717,320,866,464
frame_2429.jpg,72,134,hand,393,275,465,409
frame_2511.jpg,306,378,hand,522,279,828,657
frame_2511.jpg,102,163,hand,798,373,900,536
frame_2511.jpg,74,129,hand,425,328,499,457
frame_2531.jpg,430,365,hand,393,40,823,405
frame_2531.jpg,78,97,hand,493,322,571,419
frame_2546.jpg,119,18,hand,270,700,389,718
frame_2546.jpg,165,252,hand,376,51,541,303
frame_2547.jpg,119,16,hand,270,702,389,718
frame_2547.jpg,161,272,hand,374,48,535,320
frame_2605.jpg,150,34,hand,529,684,679,718
frame_2605.jpg,173,140,hand,650,305,823,445
frame_2605.jpg,68,122,hand,378,246,446,368
frame_2616.jpg,142,169,hand,643,303,785,472
frame_2630.jpg,144,144,hand,662,275,806,419
frame_2642.jpg,153,123,hand,658,311,811,434
frame_0038.jpg,137,140,hand,254,578,391,718
frame_0039.jpg,129,144,hand,282,570,411,714
frame_0075.jpg,177,167,hand,262,549,439,716
frame_0078.jpg,175,156,hand,261,561,436,717
frame_0139.jpg,278,253,hand,109,320,387,573
frame_0139.jpg,379,172,hand,258,540,637,712
frame_0139.jpg,112,218,hand,671,65,783,283
frame_0198.jpg,342,287,hand,118,429,460,716
frame_0198.jpg,264,207,hand,518,138,782,345
frame_0229.jpg,328,347,hand,200,371,528,718
frame_0229.jpg,197,159,hand,543,559,740,718
frame_0235.jpg,331,346,hand,195,367,526,713
frame_0235.jpg,198,154,hand,547,564,745,718
frame_0277.jpg,105,200,hand,591,297,696,497
frame_0307.jpg,99,226,hand,597,383,696,609
frame_0315.jpg,95,223,hand,600,363,695,586
frame_0353.jpg,113,227,hand,612,383,725,610
frame_0353.jpg,333,224,hand,170,493,503,717
frame_0363.jpg,388,388,hand,709,330,1097,718
frame_0363.jpg,122,206,hand,581,81,703,287
frame_0363.jpg,354,215,hand,131,176,485,391
frame_0414.jpg,242,80,hand,164,638,406,718
frame_0414.jpg,257,118,hand,567,600,824,718
frame_0414.jpg,168,240,hand,551,65,719,305
frame_0414.jpg,352,221,hand,113,212,465,433
frame_0446.jpg,98,53,hand,656,663,754,716
frame_0446.jpg,261,180,hand,402,0,663,180
frame_0446.jpg,247,177,hand,152,2,399,179
frame_0457.jpg,193,179,hand,514,23,707,202
frame_0457.jpg,229,211,hand,203,15,432,226
frame_0487.jpg,151,151,hand,280,567,431,718
frame_0487.jpg,90,143,hand,544,208,634,351
frame_0487.jpg,119,159,hand,251,202,370,361
frame_0496.jpg,137,132,hand,298,585,435,717
frame_0496.jpg,28,78,hand,601,371,629,449
frame_0496.jpg,44,89,hand,375,376,419,465
frame_0510.jpg,126,114,hand,317,602,443,716
frame_0510.jpg,24,69,hand,618,383,642,452
frame_0510.jpg,42,86,hand,386,395,428,481
frame_0515.jpg,135,108,hand,317,609,452,717
frame_0515.jpg,27,71,hand,633,382,660,453
frame_0515.jpg,40,77,hand,395,402,435,479
frame_0526.jpg,132,83,hand,327,635,459,718
frame_0526.jpg,20,63,hand,643,409,663,472
frame_0526.jpg,43,86,hand,404,415,447,501
frame_0558.jpg,579,467,hand,2,251,581,718
frame_0558.jpg,579,335,hand,473,378,1052,713
frame_0558.jpg,69,90,hand,403,494,472,584
frame_0582.jpg,385,239,hand,175,271,560,510
frame_0582.jpg,371,406,hand,506,311,877,717
frame_0582.jpg,87,131,hand,423,498,510,629
frame_0617.jpg,109,141,hand,653,371,762,512
frame_0617.jpg,62,123,hand,416,466,478,589
frame_0638.jpg,165,199,hand,579,196,744,395
frame_0638.jpg,148,187,hand,180,248,328,435
frame_0693.jpg,256,211,hand,539,507,795,718
frame_0693.jpg,195,180,hand,472,0,667,180
frame_0693.jpg,204,235,hand,59,48,263,283
frame_0697.jpg,261,208,hand,525,506,786,714
frame_0697.jpg,199,167,hand,463,2,662,169
frame_0697.jpg,190,232,hand,53,48,243,280
frame_0721.jpg,241,130,hand,84,588,325,718
frame_0721.jpg,257,145,hand,534,573,791,718
frame_0721.jpg,216,205,hand,437,3,653,208
frame_0721.jpg,182,240,hand,40,109,222,349
frame_0795.jpg,279,161,hand,32,557,311,718
frame_0795.jpg,197,71,hand,535,647,732,718
frame_0795.jpg,183,188,hand,528,0,711,188
frame_0795.jpg,237,269,hand,104,28,341,297
frame_0799.jpg,289,191,hand,43,526,332,717
frame_0799.jpg,217,80,hand,521,638,738,718
frame_0799.jpg,192,157,hand,501,4,693,161
frame_0799.jpg,251,269,hand,82,7,333,276
frame_0809.jpg,277,195,hand,112,522,389,717
frame_0809.jpg,141,56,hand,647,662,788,718
frame_0809.jpg,176,171,hand,616,2,792,173
frame_0809.jpg,231,259,hand,220,19,451,278
frame_0810.jpg,275,200,hand,104,518,379,718
frame_0810.jpg,140,53,hand,660,665,800,718
frame_0810.jpg,179,169,hand,633,3,812,172
frame_0810.jpg,223,267,hand,240,22,463,289
frame_0813.jpg,291,203,hand,71,514,362,717
frame_0813.jpg,129,34,hand,688,683,817,717
frame_0813.jpg,192,196,hand,670,0,862,196
frame_0813.jpg,246,270,hand,279,33,525,303
frame_0878.jpg,379,330,hand,437,202,816,532
frame_0878.jpg,80,36,hand,468,366,548,402
frame_0904.jpg,341,358,hand,598,252,939,610
frame_0904.jpg,102,157,hand,528,355,630,512
frame_0910.jpg,310,417,hand,713,247,1023,664
frame_0910.jpg,96,163,hand,588,427,684,590
frame_0940.jpg,438,243,hand,526,318,964,561
frame_0940.jpg,35,103,hand,621,584,656,687
frame_1110.jpg,110,187,hand,569,317,679,504
frame_1110.jpg,315,199,hand,141,406,456,605
frame_1133.jpg,276,73,hand,676,643,952,716
frame_1133.jpg,111,173,hand,561,272,672,445
frame_1133.jpg,316,207,hand,133,346,449,553
frame_1157.jpg,109,199,hand,565,27,674,226
frame_1157.jpg,319,251,hand,133,62,452,313
frame_1194.jpg,154,38,hand,303,680,457,718
frame_1194.jpg,228,126,hand,576,592,804,718
frame_1194.jpg,152,192,hand,478,55,630,247
frame_1194.jpg,240,194,hand,113,157,353,351
frame_1209.jpg,167,46,hand,585,672,752,718
frame_1209.jpg,127,169,hand,531,189,658,358
frame_1209.jpg,249,189,hand,179,247,428,436
frame_1216.jpg,177,45,hand,584,673,761,718
frame_1216.jpg,130,176,hand,532,185,662,361
frame_1216.jpg,219,195,hand,184,237,403,432
frame_1249.jpg,370,154,hand,5,564,375,718
frame_1249.jpg,126,184,hand,544,243,670,427
frame_1249.jpg,233,185,hand,156,268,389,453
frame_1266.jpg,124,193,hand,592,285,716,478
frame_1266.jpg,232,196,hand,184,295,416,491
frame_1270.jpg,122,199,hand,593,287,715,486
frame_1270.jpg,227,204,hand,181,295,408,499
frame_1338.jpg,237,216,hand,200,502,437,718
frame_1338.jpg,86,58,hand,515,656,601,714
frame_1338.jpg,150,183,hand,522,384,672,567
frame_1338.jpg,129,236,hand,6,188,135,424
frame_1390.jpg,252,215,hand,141,497,393,712
frame_1390.jpg,46,33,hand,519,681,565,714
frame_1390.jpg,36,99,hand,576,391,612,490
frame_1390.jpg,40,75,hand,341,423,381,498
frame_1409.jpg,249,201,hand,155,478,404,679
frame_1409.jpg,48,33,hand,532,685,580,718
frame_1409.jpg,33,75,hand,598,391,631,466
frame_1409.jpg,46,66,hand,358,423,404,489
frame_1410.jpg,237,194,hand,170,481,407,675
frame_1410.jpg,51,23,hand,528,695,579,718
frame_1410.jpg,28,76,hand,601,384,629,460
frame_1410.jpg,48,64,hand,354,423,402,487
frame_1434.jpg,257,201,hand,27,248,284,449
frame_1434.jpg,40,75,hand,618,399,658,474
frame_1434.jpg,43,73,hand,377,433,420,506
frame_1437.jpg,225,264,hand,7,122,232,386
frame_1437.jpg,164,39,hand,576,679,740,718
frame_1437.jpg,30,61,hand,629,420,659,481
frame_1437.jpg,40,79,hand,390,441,430,520
frame_1471.jpg,429,375,hand,28,160,457,535
frame_1471.jpg,355,293,hand,461,424,816,717
frame_1471.jpg,70,106,hand,414,462,484,568
frame_1497.jpg,177,362,hand,609,305,786,667
frame_1497.jpg,132,210,hand,305,508,437,718
frame_1506.jpg,168,340,hand,620,311,788,651
frame_1506.jpg,156,272,hand,357,444,513,716
frame_1545.jpg,186,59,hand,191,658,377,717
frame_1545.jpg,193,260,hand,552,338,745,598
frame_1545.jpg,272,282,hand,267,435,539,717
frame_1577.jpg,454,270,hand,113,303,567,573
frame_1577.jpg,335,162,hand,548,555,883,717
frame_1577.jpg,193,291,hand,560,386,753,677
frame_1577.jpg,202,214,hand,323,499,525,713
frame_1610.jpg,443,281,hand,105,246,548,527
frame_1610.jpg,168,201,hand,647,179,815,380
frame_1610.jpg,136,64,hand,184,477,320,541
frame_1644.jpg,252,113,hand,3,601,255,714
frame_1644.jpg,186,251,hand,563,153,749,404
frame_1644.jpg,166,155,hand,204,394,370,549
frame_1711.jpg,131,95,hand,428,301,559,396
frame_1711.jpg,208,213,hand,76,218,284,431
frame_1758.jpg,409,231,hand,137,487,546,718
frame_1758.jpg,429,222,hand,604,494,1033,716
frame_1758.jpg,162,125,hand,427,362,589,487
frame_1758.jpg,91,139,hand,114,578,205,717
frame_1780.jpg,380,389,hand,43,328,423,717
frame_1780.jpg,382,311,hand,608,399,990,710
frame_1780.jpg,146,171,hand,546,204,692,375
frame_1836.jpg,228,199,hand,154,519,382,718
frame_1836.jpg,393,260,hand,560,391,953,651
frame_1836.jpg,50,71,hand,662,588,712,659
frame_1852.jpg,219,322,hand,317,395,536,717
frame_1852.jpg,431,313,hand,540,400,971,713
frame_1852.jpg,190,221,hand,35,497,225,718
frame_1874.jpg,219,200,hand,514,266,733,466
frame_1874.jpg,364,304,hand,150,292,514,596
frame_1904.jpg,62,131,hand,548,318,610,449
frame_1904.jpg,180,111,hand,28,607,208,718
frame_1967.jpg,494,276,hand,626,247,1120,523
frame_1967.jpg,148,126,hand,486,247,634,373
frame_1967.jpg,132,165,hand,341,223,473,388
frame_1978.jpg,156,173,hand,609,111,765,284
frame_1978.jpg,270,210,hand,257,152,527,362
frame_1980.jpg,150,168,hand,616,123,766,291
frame_1980.jpg,282,229,hand,253,161,535,390
frame_2012.jpg,475,326,hand,514,390,989,716
frame_2012.jpg,153,174,hand,94,544,247,718
frame_2014.jpg,469,407,hand,463,305,932,712
frame_2014.jpg,139,158,hand,131,560,270,718
frame_2031.jpg,458,363,hand,503,355,961,718
frame_2031.jpg,174,223,hand,203,466,377,689
frame_2071.jpg,248,226,hand,587,143,835,369
frame_2071.jpg,239,182,hand,274,536,513,718
frame_2109.jpg,418,327,hand,1,390,419,717
frame_2109.jpg,85,173,hand,614,450,699,623
frame_2138.jpg,431,301,hand,6,284,437,585
frame_2138.jpg,353,134,hand,540,584,893,718
frame_2138.jpg,49,59,hand,647,534,696,593
frame_2138.jpg,189,86,hand,218,632,407,718
frame_2183.jpg,101,211,hand,732,506,833,717
frame_2183.jpg,110,159,hand,304,557,414,716
frame_2186.jpg,95,203,hand,712,514,807,717
frame_2186.jpg,107,146,hand,305,567,412,713
frame_2220.jpg,120,228,hand,416,490,536,718
frame_2220.jpg,207,94,hand,1,618,208,712
frame_2237.jpg,152,316,hand,551,332,703,648
frame_2237.jpg,220,194,hand,46,524,266,718
frame_2272.jpg,279,70,hand,622,648,901,718
frame_2272.jpg,234,248,hand,433,336,667,584
frame_2272.jpg,353,142,hand,113,576,466,718
frame_2323.jpg,87,46,hand,707,672,794,718
frame_2323.jpg,133,222,hand,523,264,656,486
frame_2323.jpg,335,202,hand,141,349,476,551
frame_2374.jpg,85,476,hand,1,242,86,718
frame_2374.jpg,272,388,hand,630,330,902,718
frame_2374.jpg,144,227,hand,523,271,667,498
frame_2374.jpg,315,211,hand,115,345,430,556
frame_2391.jpg,361,232,hand,499,486,860,718
frame_2391.jpg,158,220,hand,447,341,605,561
frame_2391.jpg,343,209,hand,14,442,357,651
frame_2393.jpg,162,49,hand,1,664,163,713
frame_2393.jpg,423,293,hand,468,425,891,718
frame_2393.jpg,161,226,hand,466,358,627,584
frame_2393.jpg,337,215,hand,36,449,373,664
frame_2416.jpg,407,165,hand,699,551,1106,716
frame_2416.jpg,215,187,hand,544,225,759,412
frame_2416.jpg,281,212,hand,109,238,390,450
frame_2427.jpg,422,212,hand,700,506,1122,718
frame_2427.jpg,223,228,hand,496,189,719,417
frame_2427.jpg,276,221,hand,212,175,488,396
frame_2433.jpg,374,201,hand,663,515,1037,716
frame_2433.jpg,210,238,hand,502,168,712,406
frame_2433.jpg,274,235,hand,214,135,488,370
frame_2447.jpg,138,25,hand,641,693,779,718
frame_2447.jpg,201,243,hand,510,136,711,379
frame_2447.jpg,302,234,hand,230,139,532,373
frame_2477.jpg,195,145,hand,257,573,452,718
frame_2477.jpg,263,194,hand,675,524,938,718
frame_2477.jpg,84,158,hand,712,218,796,376
frame_2477.jpg,146,177,hand,323,246,469,423
frame_2481.jpg,189,179,hand,295,539,484,718
frame_2481.jpg,265,170,hand,691,548,956,718
frame_2481.jpg,143,157,hand,370,291,513,448
frame_2484.jpg,198,243,hand,336,469,534,712
frame_2484.jpg,251,175,hand,709,543,960,718
frame_2484.jpg,159,153,hand,389,313,548,466
frame_2498.jpg,228,278,hand,332,436,560,714
frame_2498.jpg,254,223,hand,732,495,986,718
frame_2498.jpg,162,117,hand,344,340,506,457
frame_2499.jpg,231,274,hand,337,440,568,714
frame_2499.jpg,263,233,hand,717,485,980,718
frame_2499.jpg,158,112,hand,345,340,503,452
frame_2535.jpg,184,185,hand,210,531,394,716
frame_2535.jpg,308,342,hand,532,376,840,718
frame_2535.jpg,153,153,hand,313,369,466,522
frame_2565.jpg,184,133,hand,224,585,408,718
frame_2565.jpg,394,488,hand,653,229,1047,717
frame_2565.jpg,151,164,hand,305,413,456,577
frame_2579.jpg,185,86,hand,230,632,415,718
frame_2579.jpg,492,233,hand,564,150,1056,383
frame_2579.jpg,155,163,hand,304,460,459,623
frame_2617.jpg,193,91,hand,213,627,406,718
frame_2617.jpg,538,229,hand,534,155,1072,384
frame_2617.jpg,119,182,hand,700,365,819,547
frame_2617.jpg,216,270,hand,298,362,514,632
frame_2691.jpg,187,185,hand,146,532,333,717
frame_2691.jpg,194,182,hand,631,536,825,718
frame_2691.jpg,164,166,hand,593,179,757,345
frame_2691.jpg,132,239,hand,210,201,342,440
frame_0009.jpg,202,226,hand,563,396,765,622
frame_0009.jpg,29,90,hand,349,436,378,526
frame_0057.jpg,190,248,hand,540,406,730,654
frame_0057.jpg,33,87,hand,341,419,374,506
frame_0156.jpg,272,208,hand,56,506,328,714
frame_0156.jpg,148,222,hand,622,469,770,691
frame_0156.jpg,67,89,hand,534,433,601,522
frame_0205.jpg,279,163,hand,23,555,302,718
frame_0205.jpg,185,162,hand,518,408,703,570
frame_0206.jpg,239,95,hand,94,623,333,718
frame_0206.jpg,178,162,hand,519,424,697,586
frame_0207.jpg,118,38,hand,187,680,305,718
frame_0207.jpg,173,161,hand,535,429,708,590
frame_0229.jpg,181,219,hand,503,333,684,552
frame_0273.jpg,310,366,hand,112,334,422,700
frame_0273.jpg,170,152,hand,587,392,757,544
frame_0273.jpg,52,67,hand,302,436,354,503
frame_0292.jpg,310,347,hand,90,334,400,681
frame_0292.jpg,162,149,hand,591,465,753,614
frame_0292.jpg,76,66,hand,305,519,381,585
frame_0314.jpg,315,273,hand,97,440,412,713
frame_0314.jpg,173,159,hand,580,468,753,627
frame_0314.jpg,59,117,hand,290,469,349,586
frame_0332.jpg,315,256,hand,154,458,469,714
frame_0332.jpg,342,269,hand,534,424,876,693
frame_0356.jpg,343,235,hand,106,479,449,714
frame_0356.jpg,338,280,hand,522,433,860,713
frame_0356.jpg,158,140,hand,692,461,850,601
frame_0363.jpg,338,241,hand,105,472,443,713
frame_0363.jpg,347,285,hand,505,432,852,717
frame_0363.jpg,137,221,hand,724,80,861,301
frame_0363.jpg,127,144,hand,325,256,452,400
frame_0414.jpg,338,206,hand,52,508,390,714
frame_0414.jpg,358,261,hand,494,449,852,710
frame_0414.jpg,115,103,hand,699,515,814,618
frame_0422.jpg,310,184,hand,7,534,317,718
frame_0422.jpg,347,253,hand,482,465,829,718
frame_0422.jpg,113,111,hand,693,528,806,639
frame_0423.jpg,306,188,hand,1,526,307,714
frame_0423.jpg,363,253,hand,484,465,847,718
frame_0423.jpg,107,104,hand,700,523,807,627
frame_0455.jpg,283,336,hand,121,380,404,716
frame_0455.jpg,253,303,hand,530,311,783,614
frame_0455.jpg,78,85,hand,605,631,683,716
frame_0493.jpg,223,154,hand,581,564,804,718
frame_0495.jpg,165,132,hand,579,586,744,718
frame_0512.jpg,186,215,hand,555,503,741,718
frame_0524.jpg,196,215,hand,558,503,754,718
frame_0544.jpg,247,153,hand,564,382,811,535
frame_0544.jpg,34,29,hand,558,370,592,399
frame_0578.jpg,363,247,hand,460,148,823,395
frame_0578.jpg,263,168,hand,255,146,518,314
frame_0668.jpg,385,318,hand,43,395,428,713
frame_0668.jpg,340,342,hand,528,371,868,713
frame_0668.jpg,63,159,hand,328,508,391,667
frame_0670.jpg,364,317,hand,55,396,419,713
frame_0670.jpg,358,352,hand,510,366,868,718
frame_0670.jpg,82,149,hand,316,518,398,667
frame_0693.jpg,375,293,hand,18,416,393,709
frame_0693.jpg,371,349,hand,477,369,848,718
frame_0693.jpg,102,165,hand,701,4,803,169
frame_0693.jpg,77,109,hand,316,609,393,718
frame_0703.jpg,365,293,hand,9,424,374,717
frame_0703.jpg,370,342,hand,477,374,847,716
frame_0703.jpg,109,202,hand,683,24,792,226
frame_0703.jpg,81,108,hand,313,610,394,718
frame_0727.jpg,278,351,hand,2,365,280,716
frame_0727.jpg,372,332,hand,510,382,882,714
frame_0727.jpg,92,56,hand,627,662,719,718
frame_0727.jpg,73,145,hand,312,572,385,717
frame_0739.jpg,384,371,hand,90,157,474,528
frame_0739.jpg,332,324,hand,464,130,796,454
frame_0739.jpg,106,88,hand,638,630,744,718
frame_0739.jpg,65,134,hand,324,582,389,716
frame_0761.jpg,312,297,hand,94,267,406,564
frame_0761.jpg,239,248,hand,552,246,791,494
frame_0761.jpg,111,78,hand,641,640,752,718
frame_0761.jpg,80,141,hand,320,577,400,718
frame_0763.jpg,308,320,hand,96,272,404,592
frame_0763.jpg,239,246,hand,543,247,782,493
frame_0763.jpg,107,84,hand,643,634,750,718
frame_0763.jpg,78,138,hand,320,580,398,718
frame_0799.jpg,301,328,hand,90,318,391,646
frame_0799.jpg,240,252,hand,556,275,796,527
frame_0799.jpg,86,158,hand,646,560,732,718
frame_0799.jpg,22,57,hand,381,603,403,660
frame_0804.jpg,306,320,hand,96,320,402,640
frame_0804.jpg,238,260,hand,554,267,792,527
frame_0804.jpg,101,173,hand,629,544,730,717
frame_0804.jpg,23,75,hand,379,594,402,669
frame_0812.jpg,281,358,hand,94,292,375,650
frame_0812.jpg,236,274,hand,554,254,790,528
frame_0812.jpg,30,33,hand,656,530,686,563
frame_0812.jpg,25,91,hand,373,564,398,655
frame_0845.jpg,155,184,hand,645,454,800,638
frame_0845.jpg,240,249,hand,93,325,333,574
frame_0874.jpg,193,195,hand,609,440,802,635
frame_0874.jpg,283,318,hand,129,369,412,687
frame_0875.jpg,203,182,hand,601,448,804,630
frame_0875.jpg,267,305,hand,123,367,390,672
frame_0878.jpg,194,174,hand,610,448,804,622
frame_0878.jpg,277,313,hand,121,366,398,679
frame_0913.jpg,197,206,hand,598,458,795,664
frame_0913.jpg,194,239,hand,31,173,225,412
frame_0917.jpg,188,202,hand,606,437,794,639
frame_0917.jpg,305,203,hand,27,40,332,243
frame_0971.jpg,279,195,hand,616,523,895,718
frame_0971.jpg,164,165,hand,643,366,807,531
frame_0971.jpg,35,98,hand,300,371,335,469
frame_0986.jpg,346,248,hand,581,469,927,717
frame_0986.jpg,211,166,hand,646,403,857,569
frame_1010.jpg,343,265,hand,588,453,931,718
frame_1010.jpg,199,174,hand,684,404,883,578
frame_1019.jpg,341,257,hand,597,457,938,714
frame_1019.jpg,204,168,hand,682,406,886,574
frame_1027.jpg,188,109,hand,174,605,362,714
frame_1027.jpg,341,260,hand,579,453,920,713
frame_1027.jpg,207,171,hand,675,409,882,580
frame_1036.jpg,306,216,hand,170,502,476,718
frame_1036.jpg,352,267,hand,560,450,912,717
frame_1036.jpg,209,175,hand,671,395,880,570
frame_1173.jpg,392,396,hand,80,314,472,710
frame_1173.jpg,416,374,hand,481,297,897,671
frame_1173.jpg,120,188,hand,695,0,815,188
frame_1173.jpg,126,168,hand,338,0,464,168
frame_1180.jpg,406,394,hand,64,322,470,716
frame_1180.jpg,409,387,hand,482,292,891,679
frame_1180.jpg,153,108,hand,543,565,696,673
frame_1270.jpg,369,383,hand,97,334,466,717
frame_1270.jpg,407,393,hand,602,325,1009,718
frame_1270.jpg,194,177,hand,559,540,753,717
frame_1270.jpg,30,90,hand,307,606,337,696
frame_1284.jpg,292,340,hand,20,376,312,716
frame_1284.jpg,376,433,hand,695,221,1071,654
frame_1284.jpg,244,212,hand,552,504,796,716
frame_1284.jpg,53,144,hand,292,572,345,716
frame_1288.jpg,182,165,hand,10,548,192,713
frame_1288.jpg,399,389,hand,585,155,984,544
frame_1288.jpg,229,186,hand,548,528,777,714
frame_1311.jpg,445,358,hand,490,189,935,547
frame_1311.jpg,216,165,hand,617,552,833,717
frame_1320.jpg,434,357,hand,492,180,926,537
frame_1320.jpg,234,178,hand,585,535,819,713
frame_1436.jpg,302,280,hand,741,318,1043,598
frame_1436.jpg,53,116,hand,313,392,366,508
frame_1477.jpg,175,242,hand,737,0,912,242
frame_1477.jpg,139,51,hand,415,120,554,171
frame_1478.jpg,166,263,hand,725,4,891,267
frame_1478.jpg,129,50,hand,435,131,564,181
frame_1503.jpg,171,197,hand,162,519,333,716
frame_1503.jpg,139,155,hand,622,561,761,716
frame_1503.jpg,110,261,hand,715,435,825,696
frame_1503.jpg,131,110,hand,415,383,546,493
frame_1574.jpg,256,269,hand,225,440,481,709
frame_1574.jpg,149,249,hand,517,468,666,717
frame_1574.jpg,346,196,hand,539,316,885,512
frame_1574.jpg,176,146,hand,362,287,538,433
frame_1579.jpg,253,279,hand,212,427,465,706
frame_1579.jpg,201,217,hand,499,501,700,718
frame_1579.jpg,420,274,hand,423,328,843,602
frame_1579.jpg,180,140,hand,379,289,559,429
frame_1598.jpg,218,259,hand,126,457,344,716
frame_1598.jpg,253,160,hand,496,557,749,717
frame_1598.jpg,350,324,hand,466,371,816,695
frame_1598.jpg,153,145,hand,374,362,527,507
frame_1634.jpg,338,308,hand,40,371,378,679
frame_1634.jpg,257,238,hand,447,479,704,717
frame_1634.jpg,108,247,hand,349,465,457,712
frame_1637.jpg,353,302,hand,26,338,379,640
frame_1637.jpg,181,244,hand,555,472,736,716
frame_1637.jpg,145,245,hand,294,442,439,687
frame_1644.jpg,316,237,hand,98,394,414,631
frame_1644.jpg,205,183,hand,684,469,889,652
frame_1644.jpg,105,218,hand,368,383,473,601
frame_1724.jpg,343,318,hand,1,369,344,687
frame_1724.jpg,309,272,hand,486,407,795,679
frame_1724.jpg,152,198,hand,303,375,455,573
frame_1744.jpg,330,238,hand,105,309,435,547
frame_1744.jpg,225,255,hand,637,462,862,717
frame_1744.jpg,249,135,hand,484,222,733,357
frame_1744.jpg,212,146,hand,254,198,466,344
frame_1745.jpg,330,242,hand,101,307,431,549
frame_1745.jpg,231,246,hand,649,472,880,718
frame_1745.jpg,228,132,hand,493,219,721,351
frame_1745.jpg,215,149,hand,241,192,456,341
frame_1757.jpg,136,38,hand,744,680,880,718
frame_1757.jpg,285,151,hand,435,252,720,403
frame_1757.jpg,179,168,hand,229,255,408,423
frame_1764.jpg,301,153,hand,447,305,748,458
frame_1764.jpg,185,169,hand,241,293,426,462
frame_1806.jpg,264,297,hand,164,420,428,717
frame_1806.jpg,252,300,hand,426,384,678,684
frame_1806.jpg,223,136,hand,571,334,794,470
frame_1806.jpg,191,124,hand,246,238,437,362
frame_1889.jpg,359,361,hand,19,341,378,702
frame_1889.jpg,292,219,hand,503,241,795,460
frame_1889.jpg,108,52,hand,600,441,708,493
frame_1889.jpg,165,94,hand,325,252,490,346
frame_1986.jpg,315,308,hand,60,409,375,717
frame_1986.jpg,319,289,hand,501,289,820,578
frame_1986.jpg,131,138,hand,584,543,715,681
frame_2011.jpg,199,103,hand,638,610,837,713
frame_2011.jpg,238,187,hand,486,407,724,594
frame_2011.jpg,239,138,hand,185,93,424,231
frame_2016.jpg,186,119,hand,556,597,742,716
frame_2016.jpg,261,188,hand,460,402,721,590
frame_2016.jpg,281,202,hand,127,65,408,267
frame_2022.jpg,238,162,hand,457,555,695,717
frame_2022.jpg,258,161,hand,478,409,736,570
frame_2022.jpg,283,206,hand,131,110,414,316
frame_2053.jpg,343,328,hand,1,235,344,563
frame_2053.jpg,109,25,hand,617,692,726,717
frame_2053.jpg,223,176,hand,666,387,889,563
frame_2053.jpg,166,166,hand,468,390,634,556
frame_2060.jpg,361,351,hand,3,238,364,589
frame_2060.jpg,155,68,hand,587,650,742,718
frame_2060.jpg,215,179,hand,684,357,899,536
frame_2060.jpg,203,156,hand,473,384,676,540
frame_2068.jpg,400,304,hand,19,270,419,574
frame_2068.jpg,189,59,hand,563,659,752,718
frame_2068.jpg,212,214,hand,745,395,957,609
frame_2068.jpg,193,178,hand,514,408,707,586
frame_2084.jpg,403,253,hand,513,175,916,428
frame_2084.jpg,130,149,hand,697,456,827,605
frame_2084.jpg,139,165,hand,525,457,664,622
frame_2118.jpg,318,227,hand,518,168,836,395
frame_2118.jpg,113,154,hand,536,449,649,603
frame_2136.jpg,398,198,hand,547,90,945,288
frame_2136.jpg,172,125,hand,375,171,547,296
frame_2155.jpg,499,333,hand,325,99,824,432
frame_2155.jpg,203,165,hand,282,119,485,284
frame_2205.jpg,222,338,hand,172,376,394,714
frame_2205.jpg,289,301,hand,514,417,803,718
frame_2205.jpg,200,96,hand,464,622,664,718
frame_2205.jpg,54,146,hand,353,560,407,706
frame_2206.jpg,241,347,hand,162,370,403,717
frame_2206.jpg,283,302,hand,511,416,794,718
frame_2206.jpg,201,82,hand,469,635,670,717
frame_2206.jpg,44,144,hand,354,565,398,709
frame_2232.jpg,212,252,hand,148,462,360,714
frame_2232.jpg,252,225,hand,563,491,815,716
frame_2241.jpg,267,130,hand,2,588,269,718
frame_2241.jpg,226,115,hand,589,601,815,716
frame_2247.jpg,252,144,hand,38,574,290,718
frame_2247.jpg,286,183,hand,542,535,828,718
frame_2296.jpg,337,371,hand,86,304,423,675
frame_2296.jpg,326,276,hand,499,436,825,712
frame_2296.jpg,227,216,hand,592,139,819,355
frame_2330.jpg,333,305,hand,148,413,481,718
frame_2330.jpg,321,285,hand,489,403,810,688
frame_2330.jpg,198,128,hand,656,431,854,559
frame_2375.jpg,346,343,hand,138,349,484,692
frame_2375.jpg,343,256,hand,527,328,870,584
frame_2375.jpg,229,247,hand,600,111,829,358
frame_2375.jpg,154,162,hand,257,208,411,370
frame_2425.jpg,373,260,hand,104,345,477,605
frame_2425.jpg,346,372,hand,431,340,777,712
frame_2425.jpg,130,141,hand,771,576,901,717
frame_2425.jpg,165,99,hand,319,259,484,358
frame_2432.jpg,350,274,hand,126,332,476,606
frame_2432.jpg,361,394,hand,414,320,775,714
frame_2432.jpg,149,145,hand,749,568,898,713
frame_2470.jpg,144,46,hand,6,671,150,717
frame_2470.jpg,133,153,hand,621,564,754,717
frame_2470.jpg,32,103,hand,341,446,373,549
frame_2476.jpg,132,178,hand,614,510,746,688
frame_2476.jpg,22,58,hand,349,456,371,514
frame_2505.jpg,138,216,hand,563,453,701,669
frame_2505.jpg,100,180,hand,278,412,378,592
frame_2510.jpg,137,221,hand,567,446,704,667
frame_2510.jpg,95,181,hand,294,416,389,597
frame_2566.jpg,148,221,hand,656,481,804,702
frame_2566.jpg,273,177,hand,270,11,543,188
frame_2609.jpg,305,239,hand,200,477,505,716
frame_2609.jpg,201,217,hand,689,495,890,712
frame_2609.jpg,33,118,hand,870,600,903,718
frame_2609.jpg,355,252,hand,352,184,707,436
frame_2626.jpg,327,237,hand,172,477,499,714
frame_2626.jpg,191,224,hand,679,493,870,717
frame_2626.jpg,43,124,hand,856,594,899,718
frame_2626.jpg,149,140,hand,348,262,497,402
frame_2655.jpg,325,227,hand,102,491,427,718
frame_2655.jpg,194,271,hand,674,446,868,717
frame_2655.jpg,111,105,hand,378,580,489,685
frame_2670.jpg,314,227,hand,86,489,400,716
frame_2670.jpg,181,280,hand,664,436,845,716
frame_2670.jpg,110,101,hand,364,588,474,689
frame_0015.jpg,266,154,hand,728,561,994,715
frame_0015.jpg,136,143,hand,606,467,742,610
frame_0015.jpg,70,104,hand,363,459,433,563
frame_0097.jpg,350,176,hand,571,538,921,714
frame_0097.jpg,166,183,hand,546,487,712,670
frame_0097.jpg,61,107,hand,295,518,356,625
frame_0231.jpg,302,82,hand,42,636,344,718
frame_0231.jpg,254,147,hand,843,569,1097,716
frame_0231.jpg,104,107,hand,680,421,784,528
frame_0231.jpg,199,220,hand,322,403,521,623
frame_0243.jpg,318,85,hand,36,633,354,718
frame_0243.jpg,257,141,hand,835,576,1092,717
frame_0243.jpg,111,120,hand,677,411,788,531
frame_0243.jpg,211,225,hand,298,403,509,628
frame_0283.jpg,303,83,hand,70,635,373,718
frame_0283.jpg,243,131,hand,840,586,1083,717
frame_0283.jpg,115,121,hand,698,411,813,532
frame_0283.jpg,211,221,hand,303,411,514,632
frame_0292.jpg,300,78,hand,77,639,377,717
frame_0292.jpg,257,130,hand,842,589,1099,719
frame_0292.jpg,110,122,hand,702,420,812,542
frame_0292.jpg,219,220,hand,300,415,519,635
frame_0400.jpg,298,244,hand,566,469,864,713
frame_0400.jpg,72,139,hand,562,503,634,642
frame_0400.jpg,236,304,hand,50,58,286,362
frame_0429.jpg,354,259,hand,603,418,957,677
frame_0429.jpg,111,58,hand,569,455,680,513
frame_0429.jpg,213,162,hand,199,524,412,686
frame_0529.jpg,336,265,hand,474,453,810,718
frame_0529.jpg,173,194,hand,337,445,510,639
frame_0529.jpg,66,106,hand,1,428,67,534
frame_0536.jpg,314,224,hand,505,494,819,718
frame_0536.jpg,199,124,hand,371,323,570,447
frame_0536.jpg,114,167,hand,6,435,120,602
frame_0549.jpg,310,216,hand,685,500,995,716
frame_0549.jpg,254,186,hand,518,213,772,399
frame_0549.jpg,123,163,hand,214,386,337,549
frame_0603.jpg,321,324,hand,532,348,853,672
frame_0603.jpg,220,136,hand,393,315,613,451
frame_0603.jpg,157,230,hand,6,465,163,695
frame_0629.jpg,354,277,hand,752,438,1106,715
frame_0629.jpg,188,146,hand,585,390,773,536
frame_0629.jpg,212,212,hand,241,503,453,715
frame_0639.jpg,72,13,hand,128,705,200,718
frame_0639.jpg,331,257,hand,785,460,1116,717
frame_0639.jpg,182,138,hand,624,420,806,558
frame_0639.jpg,221,196,hand,261,521,482,717
frame_0672.jpg,357,155,hand,54,564,411,719
frame_0672.jpg,372,328,hand,905,391,1277,719
frame_0672.jpg,174,123,hand,733,350,907,473
frame_0672.jpg,216,235,hand,378,408,594,643
frame_0701.jpg,358,153,hand,14,564,372,717
frame_0701.jpg,369,318,hand,881,400,1250,718
frame_0701.jpg,175,123,hand,698,350,873,473
frame_0701.jpg,195,248,hand,351,404,546,652
frame_0703.jpg,348,146,hand,20,569,368,715
frame_0703.jpg,372,316,hand,878,403,1250,719
frame_0703.jpg,169,125,hand,702,348,871,473
frame_0703.jpg,210,241,hand,341,412,551,653
frame_0746.jpg,328,120,hand,86,598,414,718
frame_0746.jpg,353,233,hand,925,483,1278,716
frame_0746.jpg,163,130,hand,748,374,911,504
frame_0746.jpg,213,223,hand,354,437,567,660
frame_0784.jpg,265,52,hand,61,666,326,718
frame_0784.jpg,296,176,hand,840,540,1136,716
frame_0784.jpg,165,127,hand,679,431,844,558
frame_0784.jpg,235,210,hand,173,3,408,213
frame_0820.jpg,298,84,hand,43,634,341,718
frame_0820.jpg,302,218,hand,790,499,1092,717
frame_0820.jpg,168,111,hand,668,428,836,539
frame_0820.jpg,301,94,hand,370,2,671,96
frame_0843.jpg,313,181,hand,1,536,314,717
frame_0843.jpg,355,295,hand,645,424,1000,719
frame_0843.jpg,190,128,hand,612,368,802,496
frame_0843.jpg,203,88,hand,153,5,356,93
frame_0888.jpg,435,343,hand,30,370,465,713
frame_0888.jpg,359,377,hand,623,339,982,716
frame_0888.jpg,168,84,hand,668,293,836,377
frame_0888.jpg,118,45,hand,299,335,417,380
frame_0912.jpg,418,348,hand,38,368,456,716
frame_0912.jpg,344,372,hand,612,346,956,718
frame_0912.jpg,175,76,hand,658,305,833,381
frame_0912.jpg,115,43,hand,286,340,401,383
frame_0957.jpg,391,344,hand,99,372,490,716
frame_0957.jpg,344,354,hand,677,362,1021,716
frame_0957.jpg,192,130,hand,686,289,878,419
frame_0957.jpg,168,137,hand,338,239,506,376
frame_1013.jpg,324,333,hand,245,268,569,601
frame_1013.jpg,382,411,hand,762,306,1144,717
frame_1013.jpg,153,56,hand,795,290,948,346
frame_1013.jpg,79,70,hand,512,353,591,423
frame_1050.jpg,186,105,hand,664,612,850,717
frame_1050.jpg,176,127,hand,294,589,470,716
frame_1067.jpg,432,291,hand,629,205,1061,496
frame_1067.jpg,139,60,hand,276,653,415,713
frame_1077.jpg,422,258,hand,622,218,1044,476
frame_1077.jpg,127,153,hand,335,563,462,716
frame_1085.jpg,422,253,hand,612,214,1034,467
frame_1085.jpg,116,162,hand,343,555,459,717
frame_1086.jpg,432,268,hand,616,205,1048,473
frame_1086.jpg,116,160,hand,345,558,461,718
frame_1159.jpg,345,105,hand,42,612,387,717
frame_1159.jpg,268,161,hand,759,557,1027,718
frame_1159.jpg,185,135,hand,680,420,865,555
frame_1159.jpg,125,244,hand,388,237,513,481
frame_1161.jpg,335,94,hand,48,618,383,712
frame_1161.jpg,266,158,hand,759,561,1025,719
frame_1161.jpg,168,136,hand,674,420,842,556
frame_1161.jpg,118,249,hand,388,233,506,482
frame_1182.jpg,336,98,hand,42,620,378,718
frame_1182.jpg,257,170,hand,755,548,1012,718
frame_1182.jpg,175,132,hand,659,423,834,555
frame_1182.jpg,171,211,hand,319,230,490,441
frame_1185.jpg,326,96,hand,53,623,379,719
frame_1185.jpg,261,168,hand,760,550,1021,718
frame_1185.jpg,177,130,hand,664,420,841,550
frame_1185.jpg,114,192,hand,368,172,482,364
frame_1203.jpg,344,113,hand,37,606,381,719
frame_1203.jpg,268,184,hand,760,535,1028,719
frame_1203.jpg,165,220,hand,735,248,900,468
frame_1203.jpg,186,179,hand,289,233,475,412
frame_1284.jpg,378,141,hand,2,577,380,718
frame_1284.jpg,257,180,hand,757,538,1014,718
frame_1284.jpg,195,248,hand,683,248,878,496
frame_1284.jpg,192,174,hand,272,203,464,377
frame_1304.jpg,395,158,hand,17,560,412,718
frame_1304.jpg,247,165,hand,791,554,1038,719
frame_1304.jpg,186,272,hand,736,240,922,512
frame_1304.jpg,191,178,hand,306,194,497,372
frame_1306.jpg,390,155,hand,16,561,406,716
frame_1306.jpg,239,166,hand,800,550,1039,716
frame_1306.jpg,192,270,hand,730,239,922,509
frame_1306.jpg,194,175,hand,297,191,491,366
frame_1351.jpg,382,149,hand,5,567,387,716
frame_1351.jpg,254,188,hand,764,528,1018,716
frame_1351.jpg,180,220,hand,722,232,902,452
frame_1351.jpg,187,182,hand,304,197,491,379
frame_1408.jpg,379,152,hand,8,566,387,718
frame_1408.jpg,282,258,hand,721,459,1003,717
frame_1408.jpg,156,83,hand,723,3,879,86
frame_1408.jpg,55,115,hand,411,17,466,132
frame_1412.jpg,329,150,hand,7,566,336,716
frame_1412.jpg,291,321,hand,717,393,1008,714
frame_1412.jpg,54,15,hand,746,2,800,17
frame_1412.jpg,96,58,hand,331,1,427,59
frame_1458.jpg,326,338,hand,453,378,779,716
frame_1458.jpg,178,106,hand,437,262,615,368
frame_1458.jpg,81,60,hand,5,3,86,63
frame_1510.jpg,173,44,hand,151,675,324,719
frame_1510.jpg,279,305,hand,605,413,884,718
frame_1510.jpg,155,77,hand,649,378,804,455
frame_1510.jpg,169,152,hand,205,356,374,508
frame_1531.jpg,244,56,hand,103,662,347,718
frame_1531.jpg,296,329,hand,616,389,912,718
frame_1531.jpg,86,53,hand,728,384,814,437
frame_1531.jpg,156,146,hand,278,438,434,584
frame_1545.jpg,357,189,hand,87,526,444,715
frame_1545.jpg,391,314,hand,876,402,1267,716
frame_1545.jpg,158,150,hand,722,359,880,509
frame_1545.jpg,144,124,hand,372,417,516,541
frame_1547.jpg,397,230,hand,68,486,465,716
frame_1547.jpg,357,297,hand,920,420,1277,717
frame_1547.jpg,163,142,hand,721,371,884,513
frame_1547.jpg,146,120,hand,365,410,511,530
frame_1548.jpg,369,253,hand,96,464,465,717
frame_1548.jpg,346,290,hand,928,429,1274,719
frame_1548.jpg,163,144,hand,721,365,884,509
frame_1548.jpg,149,127,hand,368,409,517,536
frame_1578.jpg,326,279,hand,222,438,548,717
frame_1578.jpg,280,178,hand,997,539,1277,717
frame_1578.jpg,169,143,hand,745,384,914,527
frame_1578.jpg,134,45,hand,389,401,523,446
frame_1588.jpg,350,275,hand,192,441,542,716
frame_1588.jpg,270,148,hand,1006,570,1276,718
frame_1588.jpg,169,152,hand,756,398,925,550
frame_1588.jpg,143,55,hand,402,412,545,467
frame_1647.jpg,401,257,hand,873,151,1274,408
frame_1647.jpg,135,56,hand,376,663,511,719
frame_1659.jpg,364,219,hand,910,198,1274,417
frame_1659.jpg,89,27,hand,418,692,507,719
frame_1668.jpg,374,229,hand,900,185,1274,414
frame_1668.jpg,71,12,hand,449,705,520,717
frame_1673.jpg,368,210,hand,905,195,1273,405
frame_1673.jpg,70,10,hand,446,708,516,718
frame_1680.jpg,368,209,hand,906,184,1274,393
frame_1680.jpg,62,8,hand,465,708,527,716
frame_1706.jpg,164,41,hand,445,677,609,718
frame_1725.jpg,128,89,hand,833,630,961,719
frame_1725.jpg,166,106,hand,402,611,568,717
frame_1737.jpg,133,143,hand,761,574,894,717
frame_1737.jpg,145,193,hand,392,526,537,719
frame_1763.jpg,174,149,hand,761,568,935,717
frame_1763.jpg,166,219,hand,357,498,523,717
frame_1778.jpg,159,132,hand,864,343,1023,475
frame_1778.jpg,149,163,hand,302,220,451,383
frame_1788.jpg,59,126,hand,753,179,812,305
frame_1788.jpg,82,120,hand,475,157,557,277
frame_1824.jpg,75,117,hand,726,598,801,715
frame_1824.jpg,227,139,hand,494,3,721,142
frame_1892.jpg,414,413,hand,634,306,1048,719
frame_1892.jpg,208,177,hand,218,474,426,651
frame_1896.jpg,415,404,hand,634,315,1049,719
frame_1896.jpg,199,177,hand,223,485,422,662
frame_1944.jpg,371,405,hand,722,201,1093,606
frame_1944.jpg,115,142,hand,683,523,798,665
frame_1944.jpg,188,179,hand,224,515,412,694
frame_2004.jpg,362,388,hand,672,152,1034,540
frame_2004.jpg,88,43,hand,683,671,771,714
frame_2004.jpg,158,51,hand,188,667,346,718
frame_2014.jpg,361,381,hand,671,173,1032,554
frame_2014.jpg,94,51,hand,688,664,782,715
frame_2014.jpg,156,57,hand,193,659,349,716
frame_2046.jpg,168,53,hand,719,666,887,719
frame_2046.jpg,115,139,hand,633,516,748,655
frame_2046.jpg,206,151,hand,165,457,371,608
frame_2060.jpg,173,56,hand,767,660,940,716
frame_2060.jpg,117,139,hand,646,517,763,656
frame_2060.jpg,213,196,hand,246,180,459,376
frame_2110.jpg,217,93,hand,769,625,986,718
frame_2110.jpg,112,146,hand,672,482,784,628
frame_2110.jpg,199,233,hand,307,113,506,346
frame_2139.jpg,112,121,hand,733,596,845,717
frame_2139.jpg,174,240,hand,423,190,597,430
frame_2155.jpg,99,142,hand,759,577,858,719
frame_2155.jpg,159,262,hand,444,221,603,483
frame_2161.jpg,95,139,hand,771,568,866,707
frame_2161.jpg,170,260,hand,451,211,621,471
frame_2162.jpg,97,146,hand,779,566,876,712
frame_2162.jpg,175,251,hand,458,212,633,463
frame_2217.jpg,104,19,hand,861,700,965,719
frame_2217.jpg,100,152,hand,741,538,841,690
frame_2217.jpg,247,269,hand,370,213,617,482
frame_2231.jpg,121,25,hand,845,694,966,719
frame_2231.jpg,109,147,hand,733,534,842,681
frame_2231.jpg,248,270,hand,340,195,588,465
frame_2233.jpg,129,18,hand,843,700,972,718
frame_2233.jpg,114,144,hand,727,538,841,682
frame_2233.jpg,235,268,hand,344,201,579,469
frame_2240.jpg,133,27,hand,844,692,977,719
frame_2240.jpg,104,148,hand,732,533,836,681
frame_2240.jpg,236,276,hand,318,196,554,472
frame_2270.jpg,113,115,hand,687,602,800,717
frame_2270.jpg,276,94,hand,455,2,731,96
frame_2278.jpg,118,137,hand,682,569,800,706
frame_2278.jpg,321,92,hand,459,6,780,98
frame_2294.jpg,90,8,hand,867,705,957,713
frame_2294.jpg,110,110,hand,701,605,811,715
frame_2294.jpg,350,167,hand,484,6,834,173
frame_2322.jpg,338,304,hand,719,414,1057,718
frame_2322.jpg,105,139,hand,672,567,777,706
frame_2322.jpg,392,134,hand,406,6,798,140
frame_2327.jpg,371,321,hand,704,396,1075,717
frame_2327.jpg,115,132,hand,680,567,795,699
frame_2327.jpg,384,122,hand,430,2,814,124
frame_2387.jpg,104,132,hand,743,554,847,686
frame_2387.jpg,193,181,hand,292,535,485,716
frame_2396.jpg,118,145,hand,724,549,842,694
frame_2396.jpg,202,170,hand,273,547,475,717
frame_2433.jpg,263,57,hand,199,661,462,718
frame_2433.jpg,94,127,hand,842,440,936,567
frame_2433.jpg,197,185,hand,367,405,564,590
frame_2442.jpg,382,131,hand,169,587,551,718
frame_2442.jpg,224,74,hand,1054,642,1278,716
frame_2442.jpg,41,74,hand,928,422,969,496
frame_2442.jpg,196,194,hand,412,327,608,521
frame_2517.jpg,358,298,hand,1,421,359,719
frame_2517.jpg,425,205,hand,611,512,1036,717
frame_2517.jpg,59,79,hand,746,245,805,324
frame_2517.jpg,226,194,hand,226,178,452,372
frame_2520.jpg,367,283,hand,2,432,369,715
frame_2520.jpg,427,208,hand,621,511,1048,719
frame_2520.jpg,58,91,hand,740,248,798,339
frame_2520.jpg,227,190,hand,232,193,459,383
frame_2538.jpg,335,280,hand,5,438,340,718
frame_2538.jpg,424,268,hand,680,447,1104,715
frame_2538.jpg,51,78,hand,728,257,779,335
frame_2538.jpg,227,183,hand,217,219,444,402
frame_2582.jpg,377,250,hand,7,466,384,716
frame_2582.jpg,438,202,hand,581,516,1019,718
frame_2582.jpg,103,130,hand,748,244,851,374
frame_2582.jpg,233,178,hand,249,223,482,401
frame_2597.jpg,365,212,hand,243,396,608,608
frame_2597.jpg,91,131,hand,961,337,1052,468
frame_2597.jpg,192,147,hand,539,304,731,451
frame_2601.jpg,291,203,hand,423,265,714,468
frame_2601.jpg,87,141,hand,997,348,1084,489
frame_2601.jpg,64,150,hand,692,310,756,460
frame_2625.jpg,277,247,hand,491,284,768,531
frame_2625.jpg,125,192,hand,1049,326,1174,518
frame_2625.jpg,120,70,hand,680,222,800,292
frame_2629.jpg,266,240,hand,488,301,754,541
frame_2629.jpg,129,189,hand,1026,326,1155,515
frame_2629.jpg,121,79,hand,676,214,797,293
frame_2660.jpg,387,163,hand,217,388,604,551
frame_2660.jpg,149,192,hand,922,504,1071,696
frame_2660.jpg,105,71,hand,590,409,695,480
frame_2666.jpg,92,7,hand,830,711,922,718
frame_2666.jpg,24,53,hand,485,626,509,679
frame_0053.jpg,231,170,hand,806,489,1037,659
frame_0053.jpg,196,199,hand,303,349,499,548
frame_0055.jpg,229,176,hand,810,489,1039,665
frame_0055.jpg,185,212,hand,307,341,492,553
frame_0079.jpg,225,171,hand,827,494,1052,665
frame_0079.jpg,213,206,hand,275,349,488,555
frame_0086.jpg,233,178,hand,825,497,1058,675
frame_0086.jpg,217,219,hand,276,337,493,556
frame_0098.jpg,210,157,hand,794,431,1004,588
frame_0098.jpg,218,172,hand,229,346,447,518
frame_0129.jpg,206,173,hand,709,330,915,503
frame_0129.jpg,209,127,hand,345,0,554,127
frame_0145.jpg,229,172,hand,707,376,936,548
frame_0145.jpg,227,169,hand,338,0,565,169
frame_0187.jpg,295,276,hand,606,392,901,668
frame_0187.jpg,109,126,hand,782,413,891,539
frame_0187.jpg,163,181,hand,201,441,364,622
frame_0189.jpg,311,261,hand,591,395,902,656
frame_0189.jpg,133,131,hand,769,413,902,544
frame_0189.jpg,167,185,hand,208,446,375,631
frame_0198.jpg,298,272,hand,601,411,899,683
frame_0198.jpg,140,132,hand,775,450,915,582
frame_0198.jpg,156,181,hand,209,446,365,627
frame_0249.jpg,327,330,hand,575,379,902,709
frame_0249.jpg,136,128,hand,773,427,909,555
frame_0249.jpg,170,177,hand,166,446,336,623
frame_0283.jpg,294,294,hand,618,390,912,684
frame_0283.jpg,130,126,hand,784,446,914,572
frame_0283.jpg,173,170,hand,187,478,360,648
frame_0307.jpg,298,311,hand,646,386,944,697
frame_0307.jpg,111,116,hand,811,444,922,560
frame_0307.jpg,166,181,hand,191,477,357,658
frame_0317.jpg,300,297,hand,655,391,955,688
frame_0317.jpg,167,180,hand,195,479,362,659
frame_0326.jpg,298,293,hand,769,369,1067,662
frame_0326.jpg,182,133,hand,725,498,907,631
frame_0326.jpg,161,169,hand,204,519,365,688
frame_0333.jpg,298,394,hand,905,262,1203,656
frame_0333.jpg,196,154,hand,728,564,924,718
frame_0333.jpg,169,155,hand,205,563,374,718
frame_0334.jpg,297,415,hand,918,227,1215,642
frame_0334.jpg,187,149,hand,725,569,912,718
frame_0334.jpg,165,141,hand,212,577,377,718
frame_0355.jpg,342,298,hand,523,144,865,442
frame_0355.jpg,147,46,hand,733,671,880,717
frame_0355.jpg,150,37,hand,204,681,354,718
frame_0365.jpg,286,326,hand,534,295,820,621
frame_0367.jpg,319,323,hand,513,303,832,626
frame_0393.jpg,290,322,hand,543,226,833,548
frame_0393.jpg,158,28,hand,233,689,391,717
frame_0399.jpg,264,309,hand,572,209,836,518
frame_0399.jpg,118,47,hand,763,671,881,718
frame_0399.jpg,178,48,hand,253,669,431,717
frame_0515.jpg,353,166,hand,670,552,1023,718
frame_0515.jpg,195,140,hand,716,411,911,551
frame_0515.jpg,180,180,hand,191,384,371,564
frame_0615.jpg,302,308,hand,617,387,919,695
frame_0615.jpg,172,155,hand,799,382,971,537
frame_0615.jpg,182,177,hand,213,353,395,530
frame_0642.jpg,318,306,hand,575,383,893,689
frame_0642.jpg,195,147,hand,725,357,920,504
frame_0642.jpg,190,178,hand,156,365,346,543
frame_0657.jpg,308,326,hand,589,374,897,700
frame_0657.jpg,181,153,hand,749,355,930,508
frame_0657.jpg,181,180,hand,176,361,357,541
frame_0664.jpg,297,322,hand,589,375,886,697
frame_0664.jpg,189,154,hand,741,357,930,511
frame_0664.jpg,184,175,hand,160,365,344,540
frame_0689.jpg,291,324,hand,598,373,889,697
frame_0689.jpg,198,157,hand,745,351,943,508
frame_0689.jpg,182,186,hand,170,357,352,543
frame_0703.jpg,290,328,hand,604,370,894,698
frame_0703.jpg,179,157,hand,757,351,936,508
frame_0703.jpg,176,187,hand,170,369,346,556
frame_0721.jpg,292,319,hand,617,374,909,693
frame_0721.jpg,180,156,hand,758,363,938,519
frame_0721.jpg,176,179,hand,164,386,340,565
frame_0731.jpg,296,310,hand,627,373,923,683
frame_0731.jpg,177,159,hand,758,355,935,514
frame_0731.jpg,191,175,hand,159,382,350,557
frame_0753.jpg,297,331,hand,655,371,952,702
frame_0753.jpg,187,153,hand,766,363,953,516
frame_0753.jpg,194,180,hand,160,392,354,572
frame_0772.jpg,270,295,hand,686,376,956,671
frame_0772.jpg,152,137,hand,800,383,952,520
frame_0772.jpg,188,173,hand,185,413,373,586
frame_0783.jpg,254,339,hand,786,333,1040,672
frame_0783.jpg,149,114,hand,738,479,887,593
frame_0783.jpg,194,170,hand,183,461,377,631
frame_0834.jpg,291,188,hand,540,49,831,237
frame_0834.jpg,203,100,hand,807,618,1010,718
frame_0834.jpg,203,136,hand,262,581,465,717
frame_0866.jpg,163,146,hand,666,424,829,570
frame_0866.jpg,155,150,hand,329,432,484,582
frame_0880.jpg,167,142,hand,625,386,792,528
frame_0880.jpg,129,149,hand,327,400,456,549
frame_0881.jpg,160,147,hand,630,388,790,535
frame_0881.jpg,127,145,hand,329,400,456,545
frame_0896.jpg,180,139,hand,606,369,786,508
frame_0896.jpg,115,151,hand,325,380,440,531
frame_0917.jpg,197,143,hand,485,359,682,502
frame_0917.jpg,112,152,hand,203,400,315,552
frame_0985.jpg,177,144,hand,565,383,742,527
frame_0985.jpg,120,169,hand,253,424,373,593
frame_1098.jpg,215,366,hand,585,346,800,712
frame_1098.jpg,82,81,hand,592,487,674,568
frame_1098.jpg,267,105,hand,238,0,505,105
frame_1155.jpg,212,381,hand,598,336,810,717
frame_1155.jpg,109,159,hand,773,448,882,607
frame_1155.jpg,159,151,hand,224,483,383,634
frame_1192.jpg,346,248,hand,82,378,428,626
frame_1192.jpg,280,310,hand,766,406,1046,716
frame_1192.jpg,171,122,hand,740,464,911,586
frame_1192.jpg,148,154,hand,309,460,457,614
frame_1204.jpg,315,231,hand,163,338,478,569
frame_1204.jpg,277,302,hand,787,416,1064,718
frame_1204.jpg,196,130,hand,740,460,936,590
frame_1204.jpg,151,98,hand,305,507,456,605
frame_1257.jpg,298,228,hand,154,350,452,578
frame_1257.jpg,294,321,hand,765,396,1059,717
frame_1257.jpg,202,127,hand,732,458,934,585
frame_1257.jpg,107,54,hand,303,556,410,610
frame_1262.jpg,306,231,hand,155,357,461,588
frame_1262.jpg,285,309,hand,771,407,1056,716
frame_1262.jpg,196,124,hand,728,460,924,584
frame_1262.jpg,128,81,hand,299,532,427,613
frame_1330.jpg,310,229,hand,155,338,465,567
frame_1330.jpg,271,389,hand,707,325,978,714
frame_1330.jpg,45,83,hand,746,528,791,611
frame_1330.jpg,153,151,hand,312,472,465,623
frame_1349.jpg,312,217,hand,166,332,478,549
frame_1349.jpg,277,381,hand,704,321,981,702
frame_1349.jpg,146,150,hand,323,465,469,615
frame_1393.jpg,203,254,hand,7,316,210,570
frame_1393.jpg,301,484,hand,730,216,1031,700
frame_1393.jpg,47,69,hand,757,589,804,658
frame_1393.jpg,148,171,hand,325,526,473,697
frame_1425.jpg,261,212,hand,554,40,815,252
frame_1425.jpg,135,43,hand,324,675,459,718
frame_1439.jpg,260,212,hand,592,0,852,212
frame_1439.jpg,202,55,hand,824,663,1026,718
frame_1439.jpg,169,95,hand,328,623,497,718
frame_1454.jpg,276,208,hand,592,0,868,208
frame_1454.jpg,188,46,hand,854,671,1042,717
frame_1454.jpg,166,96,hand,333,622,499,718
frame_1506.jpg,235,80,hand,820,638,1055,718
frame_1506.jpg,207,149,hand,745,483,952,632
frame_1506.jpg,149,182,hand,348,441,497,623
frame_1540.jpg,200,152,hand,715,407,915,559
frame_1540.jpg,141,165,hand,220,403,361,568
frame_1543.jpg,213,167,hand,703,392,916,559
frame_1543.jpg,140,168,hand,208,404,348,572
frame_1570.jpg,230,161,hand,668,420,898,581
frame_1570.jpg,140,144,hand,214,449,354,593
frame_1574.jpg,221,160,hand,672,420,893,580
frame_1574.jpg,143,162,hand,214,440,357,602
frame_1579.jpg,231,164,hand,683,428,914,592
frame_1579.jpg,134,162,hand,216,441,350,603
frame_1616.jpg,224,131,hand,645,428,869,559
frame_1661.jpg,222,50,hand,167,664,389,714
frame_1661.jpg,255,321,hand,655,392,910,713
frame_1661.jpg,208,119,hand,668,320,876,439
frame_1668.jpg,243,54,hand,154,660,397,714
frame_1668.jpg,256,329,hand,645,388,901,717
frame_1668.jpg,207,125,hand,676,317,883,442
frame_1756.jpg,246,238,hand,191,454,437,692
frame_1756.jpg,237,326,hand,699,388,936,714
frame_1756.jpg,203,140,hand,783,320,986,460
frame_1756.jpg,145,140,hand,352,316,497,456
frame_1768.jpg,230,240,hand,57,461,287,701
frame_1768.jpg,280,285,hand,820,431,1100,716
frame_1768.jpg,233,109,hand,804,386,1037,495
frame_1768.jpg,144,154,hand,378,369,522,523
frame_1773.jpg,116,221,hand,2,472,118,693
frame_1773.jpg,371,332,hand,816,380,1187,712
frame_1773.jpg,230,169,hand,784,478,1014,647
frame_1773.jpg,143,154,hand,341,482,484,636
frame_1786.jpg,345,143,hand,36,574,381,717
frame_1786.jpg,399,157,hand,395,561,794,718
frame_1823.jpg,208,185,hand,551,91,759,276
frame_1839.jpg,170,189,hand,575,52,745,241
frame_1839.jpg,185,25,hand,861,693,1046,718
frame_1839.jpg,186,84,hand,329,632,515,716
frame_1862.jpg,194,146,hand,758,547,952,693
frame_1862.jpg,112,161,hand,377,316,489,477
frame_1885.jpg,200,150,hand,752,508,952,658
frame_1885.jpg,103,174,hand,374,246,477,420
frame_1887.jpg,194,139,hand,757,511,951,650
frame_1887.jpg,104,173,hand,378,242,482,415
frame_1951.jpg,196,144,hand,765,510,961,654
frame_1951.jpg,194,229,hand,271,179,465,408
frame_1966.jpg,199,142,hand,753,527,952,669
frame_1966.jpg,183,229,hand,270,190,453,419
frame_1981.jpg,210,151,hand,762,532,972,683
frame_1981.jpg,194,251,hand,146,57,340,308
frame_2017.jpg,195,148,hand,766,570,961,718
frame_2017.jpg,202,262,hand,312,49,514,311
frame_2035.jpg,196,146,hand,744,497,940,643
frame_2035.jpg,176,188,hand,238,439,414,627
frame_2037.jpg,202,138,hand,734,498,936,636
frame_2037.jpg,152,180,hand,258,472,410,652
frame_2119.jpg,237,421,hand,624,148,861,569
frame_2119.jpg,116,120,hand,745,598,861,718
frame_2119.jpg,165,130,hand,221,584,386,714
frame_2130.jpg,212,406,hand,653,167,865,573
frame_2130.jpg,123,113,hand,741,605,864,718
frame_2130.jpg,154,126,hand,228,592,382,718
frame_2149.jpg,327,480,hand,547,221,874,701
frame_2149.jpg,70,108,hand,870,567,940,675
frame_2149.jpg,163,146,hand,224,572,387,718
frame_2219.jpg,279,340,hand,622,192,901,532
frame_2219.jpg,165,151,hand,758,567,923,718
frame_2219.jpg,160,163,hand,233,555,393,718
frame_2220.jpg,273,366,hand,624,181,897,547
frame_2220.jpg,158,155,hand,758,563,916,718
frame_2220.jpg,166,155,hand,225,563,391,718
frame_2233.jpg,255,355,hand,646,198,901,553
frame_2233.jpg,172,144,hand,750,574,922,718
frame_2233.jpg,175,151,hand,220,567,395,718
frame_2239.jpg,255,352,hand,667,200,922,552
frame_2239.jpg,171,148,hand,755,570,926,718
frame_2239.jpg,161,144,hand,232,574,393,718
frame_2286.jpg,344,168,hand,567,176,911,344
frame_2317.jpg,343,158,hand,568,131,911,289
frame_2317.jpg,240,162,hand,287,556,527,718
frame_2403.jpg,195,134,hand,688,477,883,611
frame_2423.jpg,196,141,hand,625,465,821,606
frame_2425.jpg,188,137,hand,635,473,823,610
frame_2439.jpg,185,135,hand,672,486,857,621
frame_2439.jpg,105,139,hand,295,468,400,607
frame_2453.jpg,194,137,hand,695,485,889,622
frame_2453.jpg,135,182,hand,258,514,393,696
frame_2472.jpg,133,24,hand,815,693,948,717
frame_2472.jpg,195,135,hand,725,413,920,548
frame_2472.jpg,141,203,hand,303,470,444,673
frame_2499.jpg,136,21,hand,1018,696,1154,717
frame_2499.jpg,216,140,hand,927,415,1143,555
frame_2499.jpg,129,123,hand,521,391,650,514
frame_2531.jpg,185,163,hand,383,555,568,718
frame_2533.jpg,133,33,hand,819,685,952,718
frame_2533.jpg,174,190,hand,368,495,542,685
frame_2603.jpg,302,235,hand,638,409,940,644
frame_2603.jpg,125,145,hand,323,419,448,564
frame_2620.jpg,525,87,hand,666,630,1191,717
frame_2620.jpg,153,133,hand,497,436,650,569
frame_2627.jpg,509,76,hand,554,640,1063,716
frame_2627.jpg,146,132,hand,397,424,543,556
frame_2635.jpg,455,51,hand,497,667,952,718
frame_2635.jpg,140,128,hand,303,465,443,593
frame_0003.jpg,282,91,hand,173,627,455,718
frame_0003.jpg,199,55,hand,639,663,838,718
frame_0003.jpg,185,135,hand,662,339,847,474
frame_0003.jpg,190,155,hand,279,309,469,464
frame_0008.jpg,197,40,hand,213,678,410,718
frame_0008.jpg,209,142,hand,652,375,861,517
frame_0008.jpg,187,157,hand,274,343,461,500
frame_0015.jpg,176,36,hand,219,682,395,718
frame_0015.jpg,214,144,hand,652,375,866,519
frame_0015.jpg,182,163,hand,270,347,452,510
frame_0061.jpg,163,30,hand,228,688,391,718
frame_0061.jpg,197,157,hand,669,307,866,464
frame_0061.jpg,262,227,hand,226,275,488,502
frame_0082.jpg,133,23,hand,228,695,361,718
frame_0082.jpg,241,214,hand,512,271,753,485
frame_0082.jpg,242,201,hand,202,288,444,489
frame_0153.jpg,239,246,hand,531,241,770,487
frame_0153.jpg,248,193,hand,202,294,450,487
frame_0185.jpg,235,244,hand,533,258,768,502
frame_0185.jpg,252,195,hand,196,301,448,496
frame_0190.jpg,226,250,hand,529,250,755,500
frame_0190.jpg,237,192,hand,213,299,450,491
frame_0224.jpg,172,182,hand,681,328,853,510
frame_0224.jpg,218,225,hand,124,29,342,254
frame_0236.jpg,229,150,hand,605,441,834,591
frame_0236.jpg,222,191,hand,260,8,482,199
frame_0368.jpg,201,156,hand,673,532,874,688
frame_0368.jpg,239,197,hand,230,231,469,428
frame_0372.jpg,212,153,hand,658,519,870,672
frame_0372.jpg,229,202,hand,230,207,459,409
frame_0387.jpg,214,157,hand,647,508,861,665
frame_0387.jpg,229,218,hand,219,216,448,434
frame_0423.jpg,327,87,hand,94,631,421,718
frame_0423.jpg,373,414,hand,510,226,883,640
frame_0423.jpg,131,131,hand,709,231,840,362
frame_0423.jpg,180,165,hand,207,282,387,447
frame_0438.jpg,386,373,hand,3,345,389,718
frame_0438.jpg,416,316,hand,431,2,847,318
frame_0438.jpg,140,74,hand,692,0,832,74
frame_0438.jpg,188,165,hand,99,0,287,165
frame_0470.jpg,360,466,hand,739,97,1099,563
frame_0470.jpg,248,176,hand,599,339,847,515
frame_0470.jpg,189,172,hand,164,396,353,568
frame_0490.jpg,436,315,hand,493,142,929,457
frame_0490.jpg,246,159,hand,639,523,885,682
frame_0490.jpg,220,169,hand,228,549,448,718
frame_0495.jpg,433,335,hand,501,118,934,453
frame_0495.jpg,252,159,hand,641,513,893,672
frame_0495.jpg,214,182,hand,234,534,448,716
frame_0539.jpg,244,157,hand,643,534,887,691
frame_0539.jpg,229,184,hand,215,534,444,718
frame_0579.jpg,415,258,hand,1,460,416,718
frame_0579.jpg,420,277,hand,571,441,991,718
frame_0579.jpg,271,208,hand,544,2,815,210
frame_0579.jpg,240,206,hand,166,171,406,377
frame_0591.jpg,263,142,hand,1,576,264,718
frame_0591.jpg,324,133,hand,448,585,772,718
frame_0591.jpg,255,209,hand,469,159,724,368
frame_0591.jpg,248,208,hand,71,294,319,502
frame_0598.jpg,155,55,hand,1,663,156,718
frame_0598.jpg,204,34,hand,452,684,656,718
frame_0598.jpg,275,212,hand,419,254,694,466
frame_0598.jpg,263,218,hand,7,358,270,576
frame_0666.jpg,280,80,hand,92,638,372,718
frame_0666.jpg,320,108,hand,556,610,876,718
frame_0666.jpg,243,185,hand,582,205,825,390
frame_0666.jpg,223,216,hand,200,176,423,392
frame_0683.jpg,439,354,hand,3,301,442,655
frame_0683.jpg,356,267,hand,584,303,940,570
frame_0683.jpg,252,59,hand,624,4,876,63
frame_0683.jpg,199,36,hand,268,0,467,36
frame_0685.jpg,441,354,hand,5,290,446,644
frame_0685.jpg,358,267,hand,586,288,944,555
frame_0685.jpg,252,38,hand,620,2,872,40
frame_0685.jpg,209,48,hand,241,0,450,48
frame_0691.jpg,449,354,hand,1,339,450,693
frame_0691.jpg,367,280,hand,586,330,953,610
frame_0691.jpg,307,78,hand,599,4,906,82
frame_0691.jpg,263,87,hand,202,0,465,87
frame_0703.jpg,241,66,hand,103,652,344,718
frame_0703.jpg,290,80,hand,616,638,906,718
frame_0703.jpg,279,208,hand,599,197,878,405
frame_0703.jpg,293,244,hand,162,150,455,394
frame_0805.jpg,392,201,hand,84,517,476,718
frame_0805.jpg,343,224,hand,586,494,929,718
frame_0806.jpg,384,199,hand,88,519,472,718
frame_0806.jpg,350,216,hand,584,500,934,716
frame_0838.jpg,250,76,hand,124,642,374,718
frame_0838.jpg,248,119,hand,647,599,895,718
frame_0838.jpg,225,144,hand,592,4,817,148
frame_0838.jpg,231,121,hand,122,0,353,121
frame_0847.jpg,224,40,hand,156,678,380,718
frame_0847.jpg,223,80,hand,645,638,868,718
frame_0847.jpg,303,250,hand,533,15,836,265
frame_0847.jpg,233,216,hand,105,4,338,220
frame_0880.jpg,407,239,hand,1,479,408,718
frame_0880.jpg,373,335,hand,535,250,908,585
frame_0880.jpg,220,156,hand,614,193,834,349
frame_0880.jpg,174,197,hand,166,250,340,447
frame_0912.jpg,422,222,hand,1,496,423,718
frame_0912.jpg,339,299,hand,569,267,908,566
frame_0912.jpg,190,169,hand,650,180,840,349
frame_0912.jpg,172,201,hand,185,254,357,455
frame_0919.jpg,422,224,hand,1,494,423,718
frame_0919.jpg,352,328,hand,590,250,942,578
frame_0919.jpg,199,153,hand,641,190,840,343
frame_0919.jpg,169,197,hand,192,254,361,451
frame_0920.jpg,418,233,hand,1,485,419,718
frame_0920.jpg,346,318,hand,592,252,938,570
frame_0920.jpg,201,152,hand,650,195,851,347
frame_0920.jpg,172,189,hand,196,258,368,447
frame_0966.jpg,343,269,hand,936,432,1279,701
frame_0966.jpg,240,175,hand,666,441,906,616
frame_0966.jpg,186,211,hand,245,494,431,705
frame_1008.jpg,159,27,hand,234,691,393,718
frame_1008.jpg,206,154,hand,677,405,883,559
frame_1008.jpg,184,189,hand,241,453,425,642
frame_1030.jpg,451,307,hand,16,407,467,714
frame_1030.jpg,477,220,hand,522,498,999,718
frame_1030.jpg,186,148,hand,703,180,889,328
frame_1030.jpg,204,153,hand,200,118,404,271
frame_1037.jpg,464,320,hand,1,396,465,716
frame_1037.jpg,433,316,hand,573,402,1006,718
frame_1037.jpg,203,153,hand,686,154,889,307
frame_1037.jpg,260,252,hand,188,104,448,356
frame_1077.jpg,441,441,hand,584,277,1025,718
frame_1077.jpg,240,85,hand,755,2,995,87
frame_1077.jpg,239,131,hand,317,0,556,131
frame_1086.jpg,445,432,hand,552,284,997,716
frame_1086.jpg,254,95,hand,711,0,965,95
frame_1086.jpg,265,148,hand,253,0,518,148
frame_1103.jpg,438,320,hand,582,398,1020,718
frame_1103.jpg,284,112,hand,730,2,1014,114
frame_1103.jpg,276,154,hand,257,0,533,154
frame_1132.jpg,331,129,hand,43,589,374,718
frame_1132.jpg,275,99,hand,614,619,889,718
frame_1132.jpg,219,154,hand,698,195,917,349
frame_1132.jpg,250,208,hand,268,197,518,405
frame_1136.jpg,320,110,hand,50,608,370,718
frame_1136.jpg,255,80,hand,626,638,881,718
frame_1136.jpg,200,150,hand,700,214,900,364
frame_1136.jpg,244,205,hand,268,212,512,417
frame_1145.jpg,150,44,hand,154,674,304,718
frame_1145.jpg,53,19,hand,709,699,762,718
frame_1145.jpg,210,155,hand,681,254,891,409
frame_1145.jpg,244,214,hand,266,260,510,474
frame_1148.jpg,146,42,hand,160,676,306,718
frame_1148.jpg,219,187,hand,662,254,881,441
frame_1148.jpg,252,223,hand,249,258,501,481
frame_1164.jpg,149,49,hand,164,669,313,718
frame_1164.jpg,38,10,hand,732,708,770,718
frame_1164.jpg,237,214,hand,618,273,855,487
frame_1164.jpg,251,225,hand,257,254,508,479
frame_1170.jpg,155,46,hand,160,672,315,718
frame_1170.jpg,32,4,hand,730,714,762,718
frame_1170.jpg,238,212,hand,611,273,849,485
frame_1170.jpg,246,237,hand,251,248,497,485
frame_1188.jpg,282,57,hand,79,661,361,718
frame_1188.jpg,148,32,hand,694,686,842,718
frame_1188.jpg,248,203,hand,611,263,859,466
frame_1188.jpg,250,223,hand,264,239,514,462
frame_1246.jpg,231,218,hand,605,373,836,591
frame_1246.jpg,246,220,hand,228,354,474,574
frame_1260.jpg,220,201,hand,622,322,842,523
frame_1260.jpg,240,191,hand,238,303,478,494
frame_1320.jpg,405,235,hand,584,483,989,718
frame_1320.jpg,223,201,hand,666,121,889,322
frame_1320.jpg,267,222,hand,228,38,495,260
frame_1355.jpg,267,180,hand,584,0,851,180
frame_1355.jpg,245,114,hand,294,0,539,114
frame_1371.jpg,237,193,hand,597,0,834,193
frame_1371.jpg,214,148,hand,287,0,501,148
frame_1410.jpg,339,328,hand,118,390,457,718
frame_1410.jpg,277,167,hand,851,551,1128,718
frame_1410.jpg,238,150,hand,700,568,938,718
frame_1410.jpg,216,182,hand,253,536,469,718
frame_1413.jpg,284,301,hand,1,417,285,718
frame_1413.jpg,426,191,hand,518,527,944,718
frame_1413.jpg,178,82,hand,669,551,847,633
frame_1413.jpg,222,155,hand,177,563,399,718
frame_1442.jpg,369,265,hand,287,453,656,718
frame_1442.jpg,294,110,hand,976,608,1270,718
frame_1442.jpg,142,133,hand,889,585,1031,718
frame_1442.jpg,96,133,hand,520,572,616,705
frame_1461.jpg,379,271,hand,351,447,730,718
frame_1461.jpg,193,93,hand,1086,625,1279,718
frame_1461.jpg,85,89,hand,906,629,991,718
frame_1466.jpg,373,280,hand,330,438,703,718
frame_1466.jpg,195,129,hand,1084,589,1279,718
frame_1466.jpg,108,112,hand,885,606,993,718
frame_1466.jpg,61,127,hand,567,589,628,716
frame_1504.jpg,422,320,hand,257,398,679,718
frame_1504.jpg,93,154,hand,264,479,357,633
frame_1508.jpg,454,313,hand,221,405,675,718
frame_1508.jpg,97,146,hand,266,483,363,629
frame_1532.jpg,102,150,hand,1,568,103,718
frame_1532.jpg,394,369,hand,372,339,766,708
frame_1532.jpg,204,170,hand,378,546,582,716
frame_1532.jpg,93,42,hand,48,676,141,718
frame_1577.jpg,373,333,hand,50,385,423,718
frame_1577.jpg,443,421,hand,603,265,1046,686
frame_1577.jpg,197,108,hand,650,610,847,718
frame_1577.jpg,167,80,hand,281,638,448,718
frame_1581.jpg,363,485,hand,3,233,366,718
frame_1581.jpg,457,529,hand,635,157,1092,686
frame_1581.jpg,170,185,hand,643,474,813,659
frame_1581.jpg,208,168,hand,253,491,461,659
frame_1639.jpg,246,70,hand,183,648,429,718
frame_1639.jpg,152,32,hand,709,686,861,718
frame_1639.jpg,180,182,hand,679,282,859,464
frame_1639.jpg,248,174,hand,213,260,461,434
frame_1650.jpg,212,195,hand,633,383,845,578
frame_1650.jpg,275,208,hand,205,383,480,591
frame_1811.jpg,188,150,hand,762,568,950,718
frame_1811.jpg,187,110,hand,308,608,495,718
frame_1835.jpg,189,214,hand,711,438,900,652
frame_1835.jpg,230,218,hand,205,500,435,718
frame_1881.jpg,345,140,hand,262,578,607,718
frame_1881.jpg,180,218,hand,904,494,1084,712
frame_1881.jpg,244,182,hand,344,445,588,627
frame_1890.jpg,370,220,hand,224,498,594,718
frame_1890.jpg,150,201,hand,885,428,1035,629
frame_1890.jpg,252,184,hand,315,377,567,561
frame_1896.jpg,384,212,hand,232,506,616,718
frame_1896.jpg,174,204,hand,853,417,1027,621
frame_1896.jpg,258,197,hand,294,388,552,585
frame_1900.jpg,373,210,hand,217,508,590,718
frame_1900.jpg,181,214,hand,825,405,1006,619
frame_1900.jpg,246,180,hand,274,394,520,574
frame_1911.jpg,362,208,hand,213,510,575,718
frame_1911.jpg,178,229,hand,798,396,976,625
frame_1911.jpg,244,188,hand,257,407,501,595
frame_1967.jpg,466,265,hand,71,205,537,470
frame_1967.jpg,498,521,hand,567,197,1065,718
frame_1990.jpg,184,258,hand,1,0,185,258
frame_2001.jpg,225,193,hand,639,426,864,619
frame_2001.jpg,193,212,hand,228,464,421,676
frame_2033.jpg,415,212,hand,65,506,480,718
frame_2033.jpg,409,224,hand,554,494,963,718
frame_2033.jpg,265,235,hand,569,80,834,315
frame_2033.jpg,206,218,hand,217,210,423,428
frame_2047.jpg,243,70,hand,192,648,435,718
frame_2047.jpg,288,85,hand,580,633,868,718
frame_2047.jpg,278,231,hand,554,214,832,445
frame_2047.jpg,195,225,hand,219,343,414,568
frame_2064.jpg,184,38,hand,633,680,817,718
frame_2064.jpg,256,225,hand,552,277,808,502
frame_2064.jpg,195,225,hand,217,400,412,625
frame_2083.jpg,276,229,hand,518,296,794,525
frame_2083.jpg,188,218,hand,188,445,376,663
frame_2097.jpg,246,220,hand,463,307,709,527
frame_2097.jpg,184,224,hand,122,445,306,669
frame_2201.jpg,112,19,hand,330,699,442,718
frame_2201.jpg,112,23,hand,694,695,806,718
frame_2201.jpg,183,165,hand,751,339,934,504
frame_2201.jpg,248,178,hand,185,0,433,178
frame_2275.jpg,184,42,hand,304,676,488,718
frame_2275.jpg,239,63,hand,726,655,965,718
frame_2275.jpg,191,167,hand,692,335,883,502
frame_2275.jpg,242,175,hand,217,335,459,510
frame_2287.jpg,260,49,hand,491,669,751,718
frame_2287.jpg,63,19,hand,1044,699,1107,718
frame_2287.jpg,142,178,hand,961,358,1103,536
frame_2287.jpg,245,173,hand,402,284,647,457
frame_2296.jpg,157,36,hand,484,682,641,718
frame_2296.jpg,205,55,hand,866,663,1071,718
frame_2296.jpg,125,174,hand,836,343,961,517
frame_2296.jpg,256,185,hand,281,292,537,477
frame_2310.jpg,206,91,hand,1,627,207,718
frame_2310.jpg,418,184,hand,344,534,762,718
frame_2310.jpg,210,182,hand,450,239,660,421
frame_2310.jpg,142,184,hand,1,290,143,474
frame_2311.jpg,163,95,hand,1,623,164,718
frame_2311.jpg,409,180,hand,317,538,726,718
frame_2311.jpg,223,187,hand,429,239,652,426
frame_2311.jpg,117,192,hand,3,282,120,474
frame_2312.jpg,129,93,hand,1,625,130,718
frame_2312.jpg,403,178,hand,289,540,692,718
frame_2312.jpg,218,174,hand,419,235,637,409
frame_2312.jpg,93,191,hand,1,286,94,477
frame_2317.jpg,390,229,hand,219,489,609,718
frame_2317.jpg,238,195,hand,323,254,561,449
frame_2320.jpg,394,305,hand,236,413,630,718
frame_2320.jpg,244,180,hand,321,263,565,443
frame_2352.jpg,216,201,hand,1,517,217,718
frame_2352.jpg,466,165,hand,635,553,1101,718
frame_2352.jpg,167,93,hand,794,532,961,625
frame_2352.jpg,185,169,hand,257,549,442,718
frame_2394.jpg,191,390,hand,3,328,194,718
frame_2394.jpg,428,307,hand,525,411,953,718
frame_2394.jpg,238,135,hand,185,583,423,718
frame_2397.jpg,199,383,hand,1,335,200,718
frame_2397.jpg,443,290,hand,520,428,963,718
frame_2397.jpg,246,129,hand,181,589,427,718
frame_2415.jpg,235,384,hand,1,332,236,716
frame_2415.jpg,449,286,hand,514,432,963,718
frame_2415.jpg,229,133,hand,211,585,440,718
frame_2426.jpg,233,377,hand,3,341,236,718
frame_2426.jpg,452,284,hand,465,434,917,718
frame_2426.jpg,235,138,hand,198,580,433,718
frame_2434.jpg,242,375,hand,3,343,245,718
frame_2434.jpg,437,286,hand,465,432,902,718
frame_2434.jpg,226,140,hand,207,578,433,718
frame_2476.jpg,386,409,hand,39,233,425,642
frame_2476.jpg,517,246,hand,474,472,991,718
frame_2476.jpg,227,152,hand,217,566,444,718
frame_2500.jpg,324,536,hand,1,44,325,580
frame_2500.jpg,619,515,hand,355,137,974,652
frame_2500.jpg,208,76,hand,253,642,461,718
frame_2508.jpg,545,528,hand,1,27,546,555
frame_2508.jpg,540,381,hand,408,2,948,383
frame_2508.jpg,195,72,hand,719,646,914,718
frame_2508.jpg,159,30,hand,268,688,427,718
frame_2535.jpg,424,379,hand,1,284,425,663
frame_2535.jpg,447,326,hand,544,157,991,483
frame_2535.jpg,189,72,hand,719,646,908,718
frame_2535.jpg,195,44,hand,236,674,431,718
frame_0040.jpg,83,21,hand,163,697,246,718
frame_0040.jpg,379,313,hand,555,320,934,633
frame_0040.jpg,173,68,hand,561,532,734,600
frame_0040.jpg,88,145,hand,263,428,351,573
frame_0064.jpg,341,365,hand,29,310,370,675
frame_0064.jpg,352,316,hand,525,293,877,609
frame_0064.jpg,190,118,hand,566,497,756,615
frame_0064.jpg,74,107,hand,285,473,359,580
frame_0080.jpg,367,367,hand,83,289,450,656
frame_0080.jpg,356,319,hand,515,271,871,590
frame_0080.jpg,201,110,hand,539,489,740,599
frame_0080.jpg,42,70,hand,289,512,331,582
frame_0094.jpg,310,355,hand,118,277,428,632
frame_0094.jpg,348,311,hand,521,276,869,587
frame_0094.jpg,198,122,hand,548,483,746,605
frame_0094.jpg,43,81,hand,290,505,333,586
frame_0161.jpg,244,356,hand,141,350,385,706
frame_0161.jpg,361,337,hand,569,351,930,688
frame_0161.jpg,205,102,hand,565,580,770,682
frame_0161.jpg,31,73,hand,320,586,351,659
frame_0207.jpg,299,335,hand,75,379,374,714
frame_0207.jpg,361,351,hand,593,366,954,717
frame_0207.jpg,202,129,hand,565,579,767,708
frame_0207.jpg,44,98,hand,307,581,351,679
frame_0248.jpg,383,311,hand,378,219,761,530
frame_0296.jpg,378,285,hand,541,259,919,544
frame_0326.jpg,407,242,hand,576,82,983,324
frame_0326.jpg,184,88,hand,586,631,770,719
frame_0338.jpg,420,435,hand,4,282,424,717
frame_0338.jpg,690,323,hand,345,172,1035,495
frame_0338.jpg,209,101,hand,576,617,785,718
frame_0338.jpg,146,71,hand,201,645,347,716
frame_0357.jpg,190,213,hand,8,494,198,707
frame_0357.jpg,390,297,hand,523,127,913,424
frame_0357.jpg,218,131,hand,569,587,787,718
frame_0357.jpg,241,120,hand,103,594,344,714
frame_0358.jpg,125,93,hand,8,622,133,715
frame_0358.jpg,408,322,hand,522,127,930,449
frame_0358.jpg,225,135,hand,572,583,797,718
frame_0358.jpg,214,131,hand,145,588,359,719
frame_0423.jpg,208,174,hand,588,540,796,714
frame_0423.jpg,174,147,hand,218,570,392,717
frame_0461.jpg,195,165,hand,589,546,784,711
frame_0461.jpg,258,162,hand,73,553,331,715
frame_0473.jpg,194,142,hand,594,575,788,717
frame_0473.jpg,346,258,hand,146,70,492,328
frame_0521.jpg,390,203,hand,569,512,959,715
frame_0521.jpg,145,91,hand,565,597,710,688
frame_0521.jpg,307,250,hand,159,57,466,307
frame_0549.jpg,363,311,hand,6,406,369,717
frame_0549.jpg,290,176,hand,679,542,969,718
frame_0549.jpg,134,131,hand,604,587,738,718
frame_0549.jpg,203,130,hand,205,587,408,717
frame_0550.jpg,374,324,hand,8,392,382,716
frame_0550.jpg,242,164,hand,695,555,937,719
frame_0550.jpg,157,136,hand,605,579,762,715
frame_0550.jpg,198,131,hand,209,587,407,718
frame_0575.jpg,426,357,hand,9,361,435,718
frame_0575.jpg,216,161,hand,599,557,815,718
frame_0575.jpg,187,130,hand,212,588,399,718
frame_0584.jpg,413,361,hand,9,358,422,719
frame_0584.jpg,214,151,hand,605,562,819,713
frame_0584.jpg,180,112,hand,218,604,398,716
frame_0588.jpg,410,356,hand,6,362,416,718
frame_0588.jpg,217,163,hand,605,555,822,718
frame_0588.jpg,191,133,hand,209,584,400,717
frame_0685.jpg,372,356,hand,16,318,388,674
frame_0685.jpg,383,331,hand,556,330,939,661
frame_0685.jpg,224,149,hand,602,569,826,718
frame_0685.jpg,191,159,hand,214,558,405,717
frame_0725.jpg,363,352,hand,6,322,369,674
frame_0725.jpg,375,333,hand,558,321,933,654
frame_0725.jpg,223,156,hand,601,558,824,714
frame_0725.jpg,200,149,hand,206,569,406,718
frame_0726.jpg,358,367,hand,6,318,364,685
frame_0726.jpg,392,326,hand,553,327,945,653
frame_0726.jpg,218,153,hand,604,565,822,718
frame_0726.jpg,195,149,hand,210,566,405,715
frame_0751.jpg,290,345,hand,6,328,296,673
frame_0751.jpg,386,323,hand,558,326,944,649
frame_0751.jpg,225,152,hand,595,566,820,718
frame_0751.jpg,189,151,hand,207,566,396,717
frame_0752.jpg,287,332,hand,7,329,294,661
frame_0752.jpg,386,333,hand,547,325,933,658
frame_0752.jpg,225,146,hand,598,571,823,717
frame_0752.jpg,191,139,hand,210,576,401,715
frame_0756.jpg,282,338,hand,6,329,288,667
frame_0756.jpg,382,338,hand,548,322,930,660
frame_0756.jpg,220,149,hand,603,569,823,718
frame_0756.jpg,197,134,hand,213,583,410,717
frame_0775.jpg,243,330,hand,4,330,247,660
frame_0775.jpg,375,321,hand,534,352,909,673
frame_0775.jpg,227,133,hand,592,584,819,717
frame_0775.jpg,191,116,hand,200,599,391,715
frame_0900.jpg,187,30,hand,32,683,219,713
frame_0900.jpg,241,125,hand,665,589,906,714
frame_0900.jpg,250,217,hand,593,438,843,655
frame_0900.jpg,266,203,hand,148,513,414,716
frame_0917.jpg,223,42,hand,4,675,227,717
frame_0917.jpg,242,145,hand,663,574,905,719
frame_0917.jpg,241,211,hand,588,450,829,661
frame_0917.jpg,272,214,hand,124,505,396,719
frame_0925.jpg,194,22,hand,3,695,197,717
frame_0925.jpg,239,136,hand,675,583,914,719
frame_0925.jpg,242,225,hand,591,444,833,669
frame_0925.jpg,280,212,hand,97,503,377,715
frame_0926.jpg,178,22,hand,3,697,181,719
frame_0926.jpg,244,133,hand,674,585,918,718
frame_0926.jpg,236,202,hand,591,461,827,663
frame_0926.jpg,278,214,hand,105,504,383,718
frame_1024.jpg,186,32,hand,6,686,192,718
frame_1024.jpg,326,298,hand,674,419,1000,717
frame_1024.jpg,160,257,hand,562,421,722,678
frame_1024.jpg,112,153,hand,259,447,371,600
frame_1026.jpg,169,34,hand,7,685,176,719
frame_1026.jpg,344,285,hand,641,432,985,717
frame_1026.jpg,193,263,hand,549,410,742,673
frame_1026.jpg,109,157,hand,252,443,361,600
frame_1033.jpg,115,23,hand,46,694,161,717
frame_1033.jpg,348,249,hand,545,468,893,717
frame_1033.jpg,238,132,hand,541,439,779,571
frame_1033.jpg,185,227,hand,156,473,341,700
frame_1078.jpg,157,31,hand,11,688,168,719
frame_1078.jpg,343,259,hand,513,440,856,699
frame_1078.jpg,157,172,hand,555,0,712,172
frame_1078.jpg,65,184,hand,285,412,350,596
frame_1101.jpg,100,22,hand,81,696,181,718
frame_1101.jpg,349,270,hand,521,444,870,714
frame_1101.jpg,144,181,hand,576,3,720,184
frame_1101.jpg,39,102,hand,299,420,338,522
frame_1117.jpg,109,24,hand,72,693,181,717
frame_1117.jpg,348,269,hand,516,450,864,719
frame_1117.jpg,167,153,hand,635,386,802,539
frame_1117.jpg,31,130,hand,305,399,336,529
frame_1125.jpg,122,21,hand,59,697,181,718
frame_1125.jpg,354,266,hand,516,449,870,715
frame_1125.jpg,157,156,hand,645,378,802,534
frame_1125.jpg,39,129,hand,306,411,345,540
frame_1136.jpg,203,40,hand,5,677,208,717
frame_1136.jpg,341,264,hand,524,453,865,717
frame_1136.jpg,174,153,hand,637,380,811,533
frame_1136.jpg,34,131,hand,314,408,348,539
frame_1169.jpg,364,232,hand,53,485,417,717
frame_1169.jpg,376,261,hand,511,454,887,715
frame_1169.jpg,196,157,hand,606,379,802,536
frame_1169.jpg,32,88,hand,297,392,329,480
frame_1181.jpg,376,232,hand,45,487,421,719
frame_1181.jpg,349,261,hand,537,457,886,718
frame_1181.jpg,194,149,hand,614,383,808,532
frame_1181.jpg,36,88,hand,302,396,338,484
frame_1196.jpg,369,230,hand,40,489,409,719
frame_1196.jpg,371,260,hand,523,459,894,719
frame_1196.jpg,191,153,hand,613,385,804,538
frame_1196.jpg,34,86,hand,301,397,335,483
frame_1247.jpg,348,210,hand,69,508,417,718
frame_1247.jpg,342,246,hand,566,471,908,717
frame_1247.jpg,169,118,hand,627,407,796,525
frame_1247.jpg,45,88,hand,298,412,343,500
frame_1267.jpg,341,208,hand,78,510,419,718
frame_1267.jpg,323,236,hand,578,478,901,714
frame_1267.jpg,209,124,hand,595,416,804,540
frame_1267.jpg,53,97,hand,301,410,354,507
frame_1273.jpg,338,206,hand,79,513,417,719
frame_1273.jpg,364,241,hand,579,474,943,715
frame_1273.jpg,178,115,hand,614,408,792,523
frame_1273.jpg,54,87,hand,302,414,356,501
frame_1275.jpg,344,211,hand,76,506,420,717
frame_1275.jpg,344,236,hand,578,477,922,713
frame_1275.jpg,161,126,hand,642,409,803,535
frame_1275.jpg,47,81,hand,301,414,348,495
frame_1280.jpg,342,206,hand,78,511,420,717
frame_1280.jpg,341,242,hand,584,475,925,717
frame_1280.jpg,165,130,hand,635,404,800,534
frame_1280.jpg,42,91,hand,310,418,352,509
frame_1283.jpg,342,206,hand,83,512,425,718
frame_1283.jpg,323,239,hand,591,475,914,714
frame_1283.jpg,161,122,hand,636,404,797,526
frame_1283.jpg,40,89,hand,311,422,351,511
frame_1286.jpg,340,198,hand,81,520,421,718
frame_1286.jpg,356,236,hand,588,479,944,715
frame_1286.jpg,180,123,hand,619,410,799,533
frame_1286.jpg,52,86,hand,305,429,357,515
frame_1326.jpg,406,304,hand,661,263,1067,567
frame_1326.jpg,130,144,hand,579,137,709,281
frame_1326.jpg,63,111,hand,253,607,316,718
frame_1357.jpg,416,320,hand,10,86,426,406
frame_1357.jpg,372,303,hand,514,31,886,334
frame_1357.jpg,215,150,hand,642,563,857,713
frame_1357.jpg,89,155,hand,304,542,393,697
frame_1414.jpg,188,218,hand,665,262,853,480
frame_1414.jpg,29,156,hand,316,282,345,438
frame_1466.jpg,36,4,hand,234,715,270,719
frame_1466.jpg,18,6,hand,623,712,641,718
frame_1466.jpg,237,219,hand,601,270,838,489
frame_1466.jpg,188,210,hand,146,253,334,463
frame_1469.jpg,24,5,hand,236,714,260,719
frame_1469.jpg,16,3,hand,621,716,637,719
frame_1469.jpg,249,242,hand,602,251,851,493
frame_1469.jpg,206,198,hand,134,282,340,480
frame_1471.jpg,51,10,hand,216,707,267,717
frame_1471.jpg,23,7,hand,621,712,644,719
frame_1471.jpg,246,239,hand,600,255,846,494
frame_1471.jpg,195,197,hand,137,295,332,492
frame_1499.jpg,251,234,hand,514,366,765,600
frame_1499.jpg,146,178,hand,191,391,337,569
frame_1511.jpg,242,236,hand,524,380,766,616
frame_1511.jpg,203,196,hand,102,367,305,563
frame_1532.jpg,238,261,hand,577,364,815,625
frame_1532.jpg,245,236,hand,36,321,281,557
frame_1572.jpg,201,262,hand,571,177,772,439
frame_1572.jpg,194,238,hand,172,143,366,381
frame_1640.jpg,195,272,hand,2,447,197,719
frame_1640.jpg,493,402,hand,474,282,967,684
frame_1640.jpg,132,61,hand,550,440,682,501
frame_1640.jpg,45,40,hand,207,592,252,632
frame_1643.jpg,197,287,hand,2,430,199,717
frame_1643.jpg,482,395,hand,463,271,945,666
frame_1643.jpg,120,63,hand,546,431,666,494
frame_1643.jpg,43,60,hand,204,560,247,620
frame_1664.jpg,274,314,hand,2,401,276,715
frame_1664.jpg,505,411,hand,471,289,976,700
frame_1664.jpg,76,26,hand,564,449,640,475
frame_1723.jpg,223,248,hand,8,450,231,698
frame_1723.jpg,386,311,hand,624,323,1010,634
frame_1745.jpg,453,353,hand,37,170,490,523
frame_1745.jpg,412,276,hand,490,153,902,429
frame_1776.jpg,405,352,hand,17,196,422,548
frame_1776.jpg,183,114,hand,653,601,836,715
frame_1776.jpg,74,100,hand,327,617,401,717
frame_1799.jpg,184,151,hand,636,566,820,717
frame_1799.jpg,58,106,hand,321,613,379,719
frame_1833.jpg,259,154,hand,661,517,920,671
frame_1833.jpg,185,138,hand,183,563,368,701
frame_1838.jpg,259,150,hand,680,540,939,690
frame_1838.jpg,162,148,hand,209,564,371,712
frame_1883.jpg,121,30,hand,686,689,807,719
frame_1883.jpg,218,183,hand,611,513,829,696
frame_1883.jpg,145,140,hand,225,517,370,657
frame_1929.jpg,159,43,hand,659,676,818,719
frame_1929.jpg,203,166,hand,666,440,869,606
frame_1929.jpg,161,178,hand,1,430,162,608
frame_1952.jpg,264,185,hand,482,3,746,188
frame_1952.jpg,213,296,hand,285,17,498,313
frame_1995.jpg,201,46,hand,30,671,231,717
frame_1995.jpg,181,45,hand,657,672,838,717
frame_1995.jpg,206,168,hand,580,475,786,643
frame_1995.jpg,100,180,hand,268,471,368,651
frame_2046.jpg,361,398,hand,8,316,369,714
frame_2046.jpg,172,39,hand,691,680,863,719
frame_2046.jpg,224,196,hand,596,457,820,653
frame_2046.jpg,95,131,hand,271,529,366,660
frame_2084.jpg,377,338,hand,8,377,385,715
frame_2084.jpg,220,199,hand,601,505,821,704
frame_2084.jpg,95,133,hand,274,569,369,702
frame_2093.jpg,386,340,hand,2,370,388,710
frame_2093.jpg,215,181,hand,597,524,812,705
frame_2093.jpg,109,139,hand,268,574,377,713
frame_2122.jpg,369,303,hand,2,412,371,715
frame_2122.jpg,212,170,hand,606,547,818,717
frame_2122.jpg,107,131,hand,272,582,379,713
frame_2226.jpg,371,293,hand,526,257,897,550
frame_2231.jpg,390,295,hand,520,246,910,541
frame_2235.jpg,395,288,hand,542,228,937,516
frame_2244.jpg,298,367,hand,810,300,1108,667
frame_2244.jpg,215,67,hand,585,649,800,716
frame_2244.jpg,101,36,hand,294,680,395,716
frame_2250.jpg,208,99,hand,567,617,775,716
frame_2250.jpg,109,93,hand,269,625,378,718
frame_2254.jpg,191,96,hand,563,621,754,717
frame_2254.jpg,107,97,hand,273,621,380,718
frame_2259.jpg,210,144,hand,567,569,777,713
frame_2259.jpg,103,134,hand,278,585,381,719
frame_2285.jpg,87,11,hand,166,708,253,719
frame_2285.jpg,195,148,hand,575,500,770,648
frame_2285.jpg,100,160,hand,292,503,392,663
frame_2312.jpg,137,33,hand,113,685,250,718
frame_2312.jpg,127,9,hand,707,710,834,719
frame_2312.jpg,197,150,hand,567,468,764,618
frame_2312.jpg,196,161,hand,195,495,391,656
frame_2362.jpg,193,251,hand,660,212,853,463
frame_2362.jpg,27,153,hand,332,335,359,488
frame_2402.jpg,193,254,hand,657,190,850,444
frame_2402.jpg,22,123,hand,328,340,350,463
frame_2429.jpg,204,238,hand,655,160,859,398
frame_2462.jpg,393,285,hand,455,222,848,507
frame_2462.jpg,30,164,hand,290,282,320,446
frame_2498.jpg,270,196,hand,501,4,771,200
frame_2498.jpg,200,161,hand,298,1,498,162
frame_2550.jpg,175,136,hand,577,465,752,601
frame_2550.jpg,41,67,hand,339,548,380,615
frame_2559.jpg,310,305,hand,9,414,319,719
frame_2559.jpg,174,116,hand,602,602,776,718
frame_2559.jpg,69,122,hand,348,586,417,708
frame_2584.jpg,381,356,hand,7,363,388,719
frame_2584.jpg,213,127,hand,560,592,773,719
frame_2584.jpg,23,103,hand,341,613,364,716
frame_2590.jpg,375,363,hand,8,346,383,709
frame_2590.jpg,202,133,hand,569,584,771,717
frame_2590.jpg,38,93,hand,334,618,372,711
frame_2615.jpg,354,366,hand,35,336,389,702
frame_2615.jpg,397,329,hand,561,332,958,661
frame_2615.jpg,202,119,hand,573,597,775,716
frame_2615.jpg,47,104,hand,343,601,390,705
frame_2634.jpg,380,360,hand,13,322,393,682
frame_2634.jpg,388,321,hand,501,303,889,624
frame_2634.jpg,210,120,hand,587,596,797,716
frame_2634.jpg,38,126,hand,362,575,400,701
frame_2660.jpg,351,340,hand,17,316,368,656
frame_2660.jpg,365,341,hand,509,293,874,634
frame_2660.jpg,237,97,hand,632,621,869,718
frame_2660.jpg,128,141,hand,266,574,394,715
frame_2664.jpg,365,351,hand,2,315,367,666
frame_2664.jpg,365,339,hand,513,296,878,635
frame_2664.jpg,236,93,hand,630,626,866,719
frame_2664.jpg,110,147,hand,280,569,390,716
frame_2676.jpg,359,360,hand,10,300,369,660
frame_2676.jpg,381,336,hand,518,287,899,623
frame_2676.jpg,249,104,hand,635,615,884,719
frame_2676.jpg,116,144,hand,285,574,401,718
frame_0012.jpg,219,122,hand,142,594,361,716
frame_0012.jpg,178,85,hand,734,631,912,716
frame_0012.jpg,149,134,hand,638,225,787,359
frame_0012.jpg,98,150,hand,350,233,448,383
frame_0019.jpg,224,141,hand,146,573,370,714
frame_0019.jpg,191,135,hand,748,582,939,717
frame_0019.jpg,152,136,hand,651,189,803,325
frame_0019.jpg,106,150,hand,354,205,460,355
frame_0089.jpg,260,115,hand,1,603,261,718
frame_0089.jpg,368,307,hand,457,165,825,472
frame_0089.jpg,117,159,hand,693,128,810,287
frame_0096.jpg,245,96,hand,14,621,259,717
frame_0096.jpg,351,256,hand,476,167,827,423
frame_0096.jpg,117,149,hand,695,142,812,291
frame_0128.jpg,228,66,hand,52,652,280,718
frame_0128.jpg,413,266,hand,543,206,956,472
frame_0128.jpg,89,58,hand,728,204,817,262
frame_0182.jpg,301,231,hand,567,285,868,516
frame_0192.jpg,310,230,hand,531,293,841,523
frame_0197.jpg,310,227,hand,546,305,856,532
frame_0205.jpg,300,227,hand,561,314,861,541
frame_0239.jpg,353,290,hand,633,416,986,706
frame_0239.jpg,119,179,hand,441,489,560,668
frame_0241.jpg,339,294,hand,646,402,985,696
frame_0241.jpg,122,173,hand,443,485,565,658
frame_0302.jpg,124,110,hand,687,235,811,345
frame_0302.jpg,138,171,hand,420,285,558,456
frame_0343.jpg,373,199,hand,270,519,643,718
frame_0343.jpg,289,116,hand,651,601,940,717
frame_0343.jpg,133,134,hand,777,27,910,161
frame_0343.jpg,182,205,hand,436,82,618,287
frame_0354.jpg,285,111,hand,304,606,589,717
frame_0354.jpg,174,55,hand,670,662,844,717
frame_0354.jpg,140,157,hand,728,91,868,248
frame_0354.jpg,182,205,hand,395,165,577,370
frame_0364.jpg,193,44,hand,325,672,518,716
frame_0364.jpg,134,128,hand,707,168,841,296
frame_0364.jpg,161,204,hand,382,225,543,429
frame_0380.jpg,106,22,hand,360,696,466,718
frame_0380.jpg,154,128,hand,682,192,836,320
frame_0380.jpg,184,202,hand,341,252,525,454
frame_0391.jpg,124,25,hand,354,693,478,718
frame_0391.jpg,144,136,hand,683,181,827,317
frame_0391.jpg,168,208,hand,349,241,517,449
frame_0416.jpg,146,138,hand,675,213,821,351
frame_0416.jpg,158,221,hand,258,214,416,435
frame_0420.jpg,144,144,hand,667,235,811,379
frame_0420.jpg,132,172,hand,238,142,370,314
frame_0442.jpg,144,149,hand,629,423,773,572
frame_0442.jpg,214,195,hand,259,309,473,504
frame_0448.jpg,147,145,hand,626,440,773,585
frame_0448.jpg,212,197,hand,254,337,466,534
frame_0506.jpg,357,116,hand,3,601,360,717
frame_0506.jpg,348,343,hand,407,373,755,716
frame_0506.jpg,175,151,hand,598,4,773,155
frame_0506.jpg,216,160,hand,170,45,386,205
frame_0514.jpg,346,121,hand,3,596,349,717
frame_0514.jpg,348,343,hand,436,374,784,717
frame_0514.jpg,181,134,hand,588,2,769,136
frame_0514.jpg,217,218,hand,143,19,360,237
frame_0519.jpg,298,104,hand,7,613,305,717
frame_0519.jpg,335,287,hand,493,429,828,716
frame_0519.jpg,171,153,hand,567,7,738,160
frame_0519.jpg,194,199,hand,127,51,321,250
frame_0520.jpg,284,90,hand,2,627,286,717
frame_0520.jpg,338,273,hand,466,436,804,709
frame_0520.jpg,166,157,hand,564,4,730,161
frame_0520.jpg,187,213,hand,117,45,304,258
frame_0529.jpg,196,56,hand,1,660,197,716
frame_0529.jpg,355,339,hand,290,379,645,718
frame_0529.jpg,190,152,hand,497,23,687,175
frame_0529.jpg,166,182,hand,35,98,201,280
frame_0542.jpg,63,104,hand,464,613,527,717
frame_0542.jpg,183,153,hand,580,283,763,436
frame_0542.jpg,197,226,hand,138,301,335,527
frame_0585.jpg,349,304,hand,439,413,788,717
frame_0585.jpg,193,185,hand,650,128,843,313
frame_0585.jpg,246,221,hand,185,123,431,344
frame_0610.jpg,328,271,hand,459,446,787,717
frame_0610.jpg,195,196,hand,659,151,854,347
frame_0610.jpg,241,235,hand,191,132,432,367
frame_0663.jpg,328,252,hand,509,466,837,718
frame_0663.jpg,193,182,hand,651,168,844,350
frame_0663.jpg,235,215,hand,200,163,435,378
frame_0669.jpg,299,190,hand,664,528,963,718
frame_0669.jpg,190,185,hand,643,193,833,378
frame_0669.jpg,234,217,hand,184,200,418,417
frame_0678.jpg,312,155,hand,440,561,752,716
frame_0678.jpg,199,186,hand,621,233,820,419
frame_0678.jpg,217,224,hand,166,242,383,466
frame_0708.jpg,290,172,hand,129,363,419,535
frame_0708.jpg,50,67,hand,489,651,539,718
frame_0708.jpg,145,227,hand,672,274,817,501
frame_0708.jpg,210,94,hand,159,293,369,387
frame_0729.jpg,276,169,hand,122,387,398,556
frame_0729.jpg,62,63,hand,466,655,528,718
frame_0729.jpg,143,218,hand,656,285,799,503
frame_0729.jpg,237,148,hand,119,313,356,461
frame_0812.jpg,284,276,hand,658,440,942,716
frame_0812.jpg,200,223,hand,666,132,866,355
frame_0812.jpg,187,231,hand,191,152,378,383
frame_0835.jpg,215,95,hand,555,622,770,717
frame_0835.jpg,170,180,hand,588,255,758,435
frame_0835.jpg,95,120,hand,208,394,303,514
frame_0844.jpg,194,60,hand,649,658,843,718
frame_0844.jpg,183,184,hand,638,274,821,458
frame_0844.jpg,116,198,hand,250,316,366,514
frame_0866.jpg,352,140,hand,138,577,490,717
frame_0866.jpg,243,165,hand,697,552,940,717
frame_0866.jpg,173,164,hand,658,194,831,358
frame_0866.jpg,188,198,hand,265,196,453,394
frame_0886.jpg,278,100,hand,253,618,531,718
frame_0886.jpg,242,252,hand,542,461,784,713
frame_0886.jpg,149,163,hand,679,208,828,371
frame_0886.jpg,202,190,hand,284,205,486,395
frame_0950.jpg,307,91,hand,6,627,313,718
frame_0950.jpg,202,253,hand,522,234,724,487
frame_0950.jpg,170,179,hand,597,159,767,338
frame_0950.jpg,127,191,hand,159,254,286,445
frame_0964.jpg,335,162,hand,2,556,337,718
frame_0964.jpg,256,213,hand,569,189,825,402
frame_0964.jpg,187,205,hand,666,82,853,287
frame_0964.jpg,146,231,hand,185,131,331,362
frame_0966.jpg,350,155,hand,2,557,352,712
frame_0966.jpg,248,217,hand,576,194,824,411
frame_0966.jpg,202,192,hand,663,95,865,287
frame_0966.jpg,142,221,hand,195,146,337,367
frame_1028.jpg,374,115,hand,9,602,383,717
frame_1028.jpg,229,235,hand,614,262,843,497
frame_1028.jpg,200,194,hand,678,169,878,363
frame_1028.jpg,147,227,hand,243,171,390,398
frame_1038.jpg,363,127,hand,20,590,383,717
frame_1038.jpg,222,233,hand,618,262,840,495
frame_1038.jpg,189,203,hand,687,167,876,370
frame_1038.jpg,138,223,hand,247,184,385,407
frame_1057.jpg,364,111,hand,52,606,416,717
frame_1057.jpg,187,248,hand,646,283,833,531
frame_1057.jpg,197,215,hand,704,179,901,394
frame_1057.jpg,162,223,hand,262,184,424,407
frame_1178.jpg,294,113,hand,187,605,481,718
frame_1178.jpg,291,290,hand,482,428,773,718
frame_1178.jpg,176,174,hand,684,148,860,322
frame_1178.jpg,222,207,hand,255,144,477,351
frame_1210.jpg,298,144,hand,171,573,469,717
frame_1210.jpg,292,289,hand,470,427,762,716
frame_1210.jpg,164,174,hand,684,144,848,318
frame_1210.jpg,215,201,hand,258,150,473,351
frame_1266.jpg,301,121,hand,221,596,522,717
frame_1266.jpg,248,101,hand,501,615,749,716
frame_1266.jpg,150,181,hand,707,221,857,402
frame_1266.jpg,208,202,hand,280,221,488,423
frame_1291.jpg,250,244,hand,162,439,412,683
frame_1291.jpg,291,288,hand,493,429,784,717
frame_1291.jpg,167,175,hand,668,120,835,295
frame_1291.jpg,199,179,hand,261,167,460,346
frame_1303.jpg,158,353,hand,105,237,263,590
frame_1303.jpg,274,285,hand,455,427,729,712
frame_1303.jpg,168,171,hand,638,136,806,307
frame_1303.jpg,149,227,hand,245,153,394,380
frame_1311.jpg,184,359,hand,86,180,270,539
frame_1311.jpg,286,297,hand,464,417,750,714
frame_1311.jpg,166,189,hand,651,107,817,296
frame_1311.jpg,152,218,hand,263,132,415,350
frame_1318.jpg,177,351,hand,92,163,269,514
frame_1318.jpg,305,312,hand,457,406,762,718
frame_1318.jpg,171,182,hand,654,106,825,288
frame_1318.jpg,173,215,hand,255,122,428,337
frame_1353.jpg,172,356,hand,114,193,286,549
frame_1353.jpg,289,297,hand,445,420,734,717
frame_1353.jpg,178,179,hand,646,128,824,307
frame_1353.jpg,154,233,hand,269,122,423,355
frame_1368.jpg,171,331,hand,119,197,290,528
frame_1368.jpg,281,293,hand,460,425,741,718
frame_1368.jpg,167,178,hand,653,126,820,304
frame_1368.jpg,158,223,hand,265,134,423,357
frame_1369.jpg,180,377,hand,118,186,298,563
frame_1369.jpg,303,305,hand,445,412,748,717
frame_1369.jpg,172,181,hand,655,120,827,301
frame_1369.jpg,152,217,hand,271,128,423,345
frame_1426.jpg,173,57,hand,247,659,420,716
frame_1426.jpg,281,298,hand,327,307,608,605
frame_1461.jpg,268,113,hand,659,407,927,520
frame_1461.jpg,213,210,hand,725,218,938,428
frame_1461.jpg,435,470,hand,2,64,437,534
frame_1550.jpg,263,294,hand,679,419,942,713
frame_1550.jpg,55,127,hand,650,498,705,625
frame_1550.jpg,175,202,hand,305,465,480,667
frame_1552.jpg,145,172,hand,643,460,788,632
frame_1552.jpg,175,175,hand,307,497,482,672
frame_1554.jpg,140,163,hand,635,462,775,625
frame_1554.jpg,170,187,hand,296,493,466,680
frame_1603.jpg,335,195,hand,217,522,552,717
frame_1603.jpg,309,166,hand,622,552,931,718
frame_1603.jpg,148,176,hand,705,90,853,266
frame_1603.jpg,180,187,hand,313,10,493,197
frame_1605.jpg,331,188,hand,249,528,580,716
frame_1605.jpg,323,144,hand,642,574,965,718
frame_1605.jpg,151,165,hand,732,113,883,278
frame_1605.jpg,155,211,hand,362,14,517,225
frame_1639.jpg,345,195,hand,350,522,695,717
frame_1639.jpg,312,122,hand,765,596,1077,718
frame_1639.jpg,170,170,hand,836,105,1006,275
frame_1639.jpg,155,220,hand,490,7,645,227
frame_1649.jpg,269,138,hand,365,580,634,718
frame_1649.jpg,219,87,hand,839,626,1058,713
frame_1649.jpg,136,177,hand,816,128,952,305
frame_1649.jpg,163,227,hand,437,57,600,284
frame_1671.jpg,358,306,hand,269,329,627,635
frame_1671.jpg,307,124,hand,724,594,1031,718
frame_1671.jpg,82,126,hand,878,157,960,283
frame_1671.jpg,217,209,hand,439,20,656,229
frame_1704.jpg,331,211,hand,439,507,770,718
frame_1704.jpg,58,73,hand,742,169,800,242
frame_1704.jpg,268,127,hand,340,0,608,127
frame_1723.jpg,334,310,hand,427,408,761,718
frame_1723.jpg,73,72,hand,767,163,840,235
frame_1723.jpg,257,130,hand,390,0,647,130
frame_1784.jpg,315,262,hand,400,452,715,714
frame_1784.jpg,186,191,hand,736,25,922,216
frame_1784.jpg,234,208,hand,73,6,307,214
frame_1796.jpg,283,198,hand,519,106,802,304
frame_1796.jpg,225,191,hand,22,209,247,400
frame_1809.jpg,182,38,hand,42,675,224,713
frame_1809.jpg,268,196,hand,614,115,882,311
frame_1809.jpg,191,162,hand,122,209,313,371
frame_1843.jpg,189,191,hand,572,229,761,420
frame_1843.jpg,156,157,hand,316,234,472,391
frame_1846.jpg,169,171,hand,601,279,770,450
frame_1846.jpg,153,142,hand,316,278,469,420
frame_1926.jpg,169,141,hand,565,399,734,540
frame_1943.jpg,180,156,hand,597,334,777,490
frame_1951.jpg,416,489,hand,635,37,1051,526
frame_1951.jpg,137,140,hand,576,341,713,481
frame_1973.jpg,564,438,hand,379,94,943,532
frame_1973.jpg,146,109,hand,561,439,707,548
frame_1997.jpg,198,49,hand,816,665,1014,714
frame_1997.jpg,104,148,hand,745,440,849,588
frame_1997.jpg,106,140,hand,455,423,561,563
frame_2008.jpg,94,144,hand,689,325,783,469
frame_2008.jpg,111,153,hand,385,307,496,460
frame_2017.jpg,139,142,hand,585,274,724,416
frame_2017.jpg,57,129,hand,320,287,377,416
frame_2041.jpg,445,399,hand,308,157,753,556
frame_2041.jpg,81,99,hand,486,449,567,548
frame_2052.jpg,463,401,hand,267,150,730,551
frame_2052.jpg,62,55,hand,485,502,547,557
frame_2064.jpg,446,409,hand,312,155,758,564
frame_2064.jpg,59,54,hand,497,493,556,547
frame_2067.jpg,411,415,hand,323,150,734,565
frame_2067.jpg,66,48,hand,498,508,564,556
frame_2081.jpg,434,411,hand,331,161,765,572
frame_2081.jpg,62,55,hand,509,502,571,557
frame_2092.jpg,423,409,hand,369,165,792,574
frame_2092.jpg,79,68,hand,525,487,604,555
frame_2142.jpg,497,368,hand,298,90,795,458
frame_2211.jpg,496,388,hand,490,89,986,477
frame_2211.jpg,132,56,hand,614,412,746,468
frame_2211.jpg,34,58,hand,526,404,560,462
frame_2305.jpg,142,120,hand,650,440,792,560
frame_2305.jpg,58,114,hand,451,466,509,580
frame_2334.jpg,136,119,hand,638,409,774,528
frame_2370.jpg,142,126,hand,639,388,781,514
frame_2370.jpg,28,94,hand,627,470,655,564
frame_2450.jpg,99,82,hand,631,408,730,490
frame_2450.jpg,135,179,hand,605,456,740,635
frame_2452.jpg,99,75,hand,637,415,736,490
frame_2452.jpg,145,170,hand,604,464,749,634
frame_2453.jpg,103,71,hand,626,411,729,482
frame_2453.jpg,151,169,hand,602,458,753,627
frame_2454.jpg,102,72,hand,634,415,736,487
frame_2454.jpg,149,164,hand,606,461,755,625
frame_2468.jpg,99,48,hand,616,427,715,475
frame_2468.jpg,158,150,hand,591,464,749,614
frame_2499.jpg,128,116,hand,594,428,722,544
frame_2499.jpg,46,82,hand,568,403,614,485
frame_2535.jpg,119,120,hand,613,456,732,576
frame_2535.jpg,309,249,hand,208,127,517,376
frame_2542.jpg,121,126,hand,609,454,730,580
frame_2542.jpg,309,265,hand,204,111,513,376
frame_2603.jpg,95,107,hand,616,481,711,588
frame_2682.jpg,153,151,hand,647,248,800,399
frame_2682.jpg,53,103,hand,561,263,614,366
frame_0037.jpg,159,39,hand,470,677,629,716
frame_0037.jpg,217,118,hand,734,599,951,717
frame_0037.jpg,115,105,hand,722,307,837,412
frame_0037.jpg,58,93,hand,542,322,600,415
frame_0040.jpg,139,30,hand,494,687,633,717
frame_0040.jpg,207,100,hand,748,612,955,712
frame_0040.jpg,117,96,hand,734,322,851,418
frame_0040.jpg,55,93,hand,555,326,610,419
frame_0113.jpg,45,6,hand,484,712,529,718
frame_0113.jpg,190,92,hand,657,626,847,718
frame_0113.jpg,92,106,hand,641,340,733,446
frame_0113.jpg,86,122,hand,424,68,510,190
frame_0136.jpg,154,42,hand,688,674,842,716
frame_0136.jpg,85,104,hand,693,329,778,433
frame_0136.jpg,89,109,hand,421,291,510,400
frame_0165.jpg,147,39,hand,687,676,834,715
frame_0165.jpg,96,99,hand,644,323,740,422
frame_0165.jpg,78,106,hand,461,383,539,489
frame_0212.jpg,142,29,hand,674,689,816,718
frame_0212.jpg,93,99,hand,624,328,717,427
frame_0212.jpg,76,112,hand,444,391,520,503
frame_0218.jpg,136,30,hand,677,686,813,716
frame_0218.jpg,81,103,hand,622,334,703,437
frame_0218.jpg,76,101,hand,443,394,519,495
frame_0260.jpg,169,51,hand,658,667,827,718
frame_0260.jpg,87,100,hand,627,324,714,424
frame_0260.jpg,78,106,hand,439,380,517,486
frame_0338.jpg,118,20,hand,707,699,825,719
frame_0338.jpg,110,130,hand,582,68,692,198
frame_0338.jpg,122,113,hand,440,18,562,131
frame_0356.jpg,112,19,hand,712,698,824,717
frame_0356.jpg,89,85,hand,645,322,734,407
frame_0356.jpg,151,107,hand,383,32,534,139
frame_0363.jpg,112,18,hand,711,701,823,719
frame_0363.jpg,93,90,hand,637,351,730,441
frame_0363.jpg,150,110,hand,387,27,537,137
frame_0425.jpg,74,9,hand,448,710,522,719
frame_0425.jpg,200,87,hand,665,630,865,717
frame_0425.jpg,118,92,hand,634,293,752,385
frame_0430.jpg,155,23,hand,317,696,472,719
frame_0430.jpg,149,33,hand,647,685,796,718
frame_0430.jpg,110,107,hand,607,323,717,430
frame_0444.jpg,153,73,hand,208,641,361,714
frame_0444.jpg,230,189,hand,322,526,552,715
frame_0444.jpg,133,137,hand,593,319,726,456
frame_0490.jpg,143,126,hand,176,591,319,717
frame_0490.jpg,247,294,hand,301,418,548,712
frame_0490.jpg,128,130,hand,631,257,759,387
frame_0493.jpg,144,133,hand,176,586,320,719
frame_0493.jpg,244,306,hand,308,409,552,715
frame_0493.jpg,135,135,hand,636,251,771,386
frame_0524.jpg,107,20,hand,256,693,363,713
frame_0524.jpg,75,149,hand,825,403,900,552
frame_0524.jpg,56,123,hand,588,397,644,520
frame_0526.jpg,40,139,hand,859,429,899,568
frame_0526.jpg,62,126,hand,597,411,659,537
frame_0576.jpg,242,167,hand,346,552,588,719
frame_0576.jpg,176,71,hand,548,178,724,249
frame_0605.jpg,222,125,hand,366,591,588,716
frame_0605.jpg,201,118,hand,547,223,748,341
frame_0613.jpg,228,116,hand,357,597,585,713
frame_0613.jpg,188,208,hand,543,233,731,441
frame_0628.jpg,227,83,hand,360,631,587,714
frame_0628.jpg,193,209,hand,498,248,691,457
frame_0661.jpg,341,362,hand,650,49,991,411
frame_0661.jpg,99,138,hand,636,400,735,538
frame_0661.jpg,30,93,hand,433,413,463,506
frame_0669.jpg,354,283,hand,612,17,966,300
frame_0669.jpg,103,144,hand,650,448,753,592
frame_0669.jpg,18,98,hand,456,449,474,547
frame_0746.jpg,72,60,hand,120,650,192,710
frame_0746.jpg,204,349,hand,861,361,1065,710
frame_0746.jpg,128,120,hand,515,383,643,503
frame_0746.jpg,14,45,hand,344,405,358,450
frame_0768.jpg,192,102,hand,159,611,351,713
frame_0768.jpg,209,94,hand,792,618,1001,712
frame_0768.jpg,123,113,hand,614,302,737,415
frame_0768.jpg,53,92,hand,418,344,471,436
frame_0787.jpg,188,99,hand,178,616,366,715
frame_0787.jpg,204,100,hand,821,619,1025,719
frame_0787.jpg,124,96,hand,632,319,756,415
frame_0787.jpg,55,101,hand,438,345,493,446
frame_0855.jpg,200,89,hand,110,626,310,715
frame_0855.jpg,234,150,hand,774,565,1008,715
frame_0855.jpg,112,90,hand,655,281,767,371
frame_0855.jpg,71,107,hand,474,285,545,392
frame_0906.jpg,270,151,hand,86,568,356,719
frame_0906.jpg,237,220,hand,791,488,1028,708
frame_0906.jpg,117,86,hand,660,217,777,303
frame_0906.jpg,138,146,hand,442,270,580,416
frame_0995.jpg,222,96,hand,115,623,337,719
frame_0995.jpg,231,168,hand,759,549,990,717
frame_0995.jpg,99,91,hand,644,266,743,357
frame_0995.jpg,136,130,hand,411,330,547,460
frame_0998.jpg,229,96,hand,118,622,347,718
frame_0998.jpg,257,169,hand,756,550,1013,719
frame_0998.jpg,102,91,hand,642,267,744,358
frame_0998.jpg,141,130,hand,404,333,545,463
frame_1011.jpg,237,99,hand,115,620,352,719
frame_1011.jpg,248,155,hand,758,564,1006,719
frame_1011.jpg,97,86,hand,646,277,743,363
frame_1011.jpg,138,130,hand,408,342,546,472
frame_1022.jpg,215,92,hand,121,627,336,719
frame_1022.jpg,240,149,hand,758,568,998,717
frame_1022.jpg,106,87,hand,641,276,747,363
frame_1022.jpg,141,139,hand,406,335,547,474
frame_1044.jpg,205,78,hand,133,638,338,716
frame_1044.jpg,241,138,hand,760,580,1001,718
frame_1044.jpg,105,88,hand,641,284,746,372
frame_1044.jpg,134,141,hand,409,347,543,488
frame_1071.jpg,190,75,hand,148,643,338,718
frame_1071.jpg,221,125,hand,766,591,987,716
frame_1071.jpg,108,90,hand,643,296,751,386
frame_1071.jpg,131,136,hand,415,356,546,492
frame_1093.jpg,185,49,hand,147,669,332,718
frame_1093.jpg,209,109,hand,759,610,968,719
frame_1093.jpg,98,92,hand,641,309,739,401
frame_1093.jpg,134,136,hand,406,372,540,508
frame_1132.jpg,121,16,hand,209,703,330,719
frame_1132.jpg,173,65,hand,779,654,952,719
frame_1132.jpg,109,88,hand,642,344,751,432
frame_1132.jpg,144,138,hand,401,405,545,543
frame_1133.jpg,109,13,hand,214,704,323,717
frame_1133.jpg,169,73,hand,777,646,946,719
frame_1133.jpg,105,99,hand,649,336,754,435
frame_1133.jpg,137,133,hand,406,407,543,540
frame_1157.jpg,117,17,hand,210,701,327,718
frame_1157.jpg,175,67,hand,774,648,949,715
frame_1157.jpg,102,90,hand,649,341,751,431
frame_1157.jpg,135,130,hand,411,407,546,537
frame_1162.jpg,120,18,hand,214,698,334,716
frame_1162.jpg,178,72,hand,773,646,951,718
frame_1162.jpg,108,91,hand,649,342,757,433
frame_1162.jpg,139,134,hand,406,400,545,534
frame_1168.jpg,145,28,hand,797,685,942,713
frame_1168.jpg,103,95,hand,653,360,756,455
frame_1168.jpg,142,137,hand,409,432,551,569
frame_1182.jpg,152,40,hand,781,675,933,715
frame_1182.jpg,106,94,hand,651,364,757,458
frame_1182.jpg,141,133,hand,403,434,544,567
frame_1203.jpg,108,17,hand,244,701,352,718
frame_1203.jpg,183,67,hand,795,646,978,713
frame_1203.jpg,98,88,hand,672,343,770,431
frame_1203.jpg,137,132,hand,423,405,560,537
frame_1257.jpg,125,33,hand,830,684,955,717
frame_1257.jpg,108,95,hand,664,376,772,471
frame_1257.jpg,135,141,hand,421,449,556,590
frame_1299.jpg,222,196,hand,48,521,270,717
frame_1299.jpg,197,57,hand,779,662,976,719
frame_1299.jpg,111,97,hand,631,335,742,432
frame_1299.jpg,156,142,hand,363,415,519,557
frame_1305.jpg,215,177,hand,64,540,279,717
frame_1305.jpg,157,35,hand,797,682,954,717
frame_1305.jpg,115,91,hand,623,354,738,445
frame_1305.jpg,146,138,hand,362,438,508,576
frame_1306.jpg,211,169,hand,67,550,278,719
frame_1306.jpg,123,23,hand,803,689,926,712
frame_1306.jpg,115,97,hand,623,362,738,459
frame_1306.jpg,140,143,hand,360,438,500,581
frame_1318.jpg,131,66,hand,206,653,337,719
frame_1318.jpg,95,275,hand,588,365,683,640
frame_1318.jpg,153,144,hand,280,518,433,662
frame_1357.jpg,200,445,hand,95,251,295,696
frame_1357.jpg,212,493,hand,668,189,880,682
frame_1357.jpg,197,303,hand,517,89,714,392
frame_1357.jpg,202,269,hand,252,153,454,422
frame_1370.jpg,235,340,hand,175,369,410,709
frame_1370.jpg,166,371,hand,553,317,719,688
frame_1370.jpg,244,303,hand,442,2,686,305
frame_1370.jpg,247,300,hand,189,63,436,363
frame_1375.jpg,181,323,hand,217,341,398,664
frame_1375.jpg,182,371,hand,503,257,685,628
frame_1375.jpg,221,265,hand,461,2,682,267
frame_1375.jpg,266,305,hand,160,19,426,324
frame_1387.jpg,136,284,hand,285,384,421,668
frame_1387.jpg,170,378,hand,516,284,686,662
frame_1387.jpg,198,288,hand,503,1,701,289
frame_1387.jpg,264,304,hand,165,45,429,349
frame_1392.jpg,115,299,hand,342,368,457,667
frame_1392.jpg,163,351,hand,561,285,724,636
frame_1392.jpg,210,287,hand,525,4,735,291
frame_1392.jpg,249,306,hand,220,34,469,340
frame_1476.jpg,123,358,hand,424,335,547,693
frame_1476.jpg,151,283,hand,634,378,785,661
frame_1476.jpg,108,276,hand,667,3,775,279
frame_1476.jpg,180,266,hand,328,35,508,301
frame_1491.jpg,130,345,hand,406,356,536,701
frame_1491.jpg,149,292,hand,612,389,761,681
frame_1491.jpg,115,270,hand,648,4,763,274
frame_1491.jpg,166,256,hand,341,49,507,305
frame_1517.jpg,143,351,hand,394,350,537,701
frame_1517.jpg,149,316,hand,608,377,757,693
frame_1517.jpg,123,268,hand,640,1,763,269
frame_1517.jpg,161,249,hand,310,44,471,293
frame_1550.jpg,135,354,hand,352,357,487,711
frame_1550.jpg,135,341,hand,628,365,763,706
frame_1550.jpg,131,155,hand,651,163,782,318
frame_1550.jpg,109,144,hand,388,208,497,352
frame_1573.jpg,144,317,hand,312,344,456,661
frame_1573.jpg,124,352,hand,737,322,861,674
frame_1573.jpg,103,144,hand,666,101,769,245
frame_1573.jpg,60,120,hand,431,147,491,267
frame_1580.jpg,129,325,hand,291,372,420,697
frame_1580.jpg,131,331,hand,760,370,891,701
frame_1580.jpg,93,108,hand,646,178,739,286
frame_1580.jpg,101,160,hand,364,33,465,193
frame_1629.jpg,174,77,hand,304,641,478,718
frame_1629.jpg,261,105,hand,548,5,809,110
frame_1629.jpg,189,150,hand,302,6,491,156
frame_1654.jpg,179,285,hand,207,401,386,686
frame_1654.jpg,215,332,hand,782,313,997,645
frame_1654.jpg,319,148,hand,581,3,900,151
frame_1654.jpg,213,154,hand,278,1,491,155
frame_1666.jpg,176,358,hand,286,343,462,701
frame_1666.jpg,148,398,hand,647,261,795,659
frame_1666.jpg,188,141,hand,715,5,903,146
frame_1666.jpg,218,170,hand,210,7,428,177
frame_1673.jpg,190,399,hand,252,271,442,670
frame_1673.jpg,135,381,hand,633,225,768,606
frame_1673.jpg,130,160,hand,736,169,866,329
frame_1673.jpg,116,171,hand,233,136,349,307
frame_1708.jpg,162,350,hand,422,288,584,638
frame_1708.jpg,143,343,hand,677,194,820,537
frame_1708.jpg,140,134,hand,817,275,957,409
frame_1708.jpg,38,34,hand,408,322,446,356
frame_1780.jpg,159,320,hand,303,271,462,591
frame_1780.jpg,172,401,hand,542,192,714,593
frame_1780.jpg,172,167,hand,687,266,859,433
frame_1780.jpg,100,113,hand,267,158,367,271
frame_1794.jpg,147,338,hand,264,381,411,719
frame_1794.jpg,167,353,hand,499,270,666,623
frame_1794.jpg,163,223,hand,668,391,831,614
frame_1794.jpg,207,212,hand,204,108,411,320
frame_1805.jpg,124,337,hand,290,367,414,704
frame_1805.jpg,230,340,hand,478,329,708,669
frame_1805.jpg,153,219,hand,705,413,858,632
frame_1805.jpg,166,186,hand,248,186,414,372
frame_1816.jpg,161,322,hand,255,375,416,697
frame_1816.jpg,278,320,hand,447,345,725,665
frame_1816.jpg,114,206,hand,718,438,832,644
frame_1816.jpg,127,172,hand,222,261,349,433
frame_1822.jpg,191,260,hand,215,445,406,705
frame_1822.jpg,308,350,hand,449,301,757,651
frame_1822.jpg,87,184,hand,757,438,844,622
frame_1822.jpg,95,145,hand,287,295,382,440
frame_1837.jpg,302,337,hand,231,365,533,702
frame_1837.jpg,316,364,hand,590,265,906,629
frame_1837.jpg,136,115,hand,698,541,834,656
frame_1837.jpg,27,29,hand,410,385,437,414
frame_1856.jpg,321,261,hand,255,446,576,707
frame_1856.jpg,334,358,hand,580,324,914,682
frame_1856.jpg,149,82,hand,719,633,868,715
frame_1856.jpg,57,91,hand,361,432,418,523
frame_1881.jpg,297,343,hand,228,374,525,717
frame_1881.jpg,291,333,hand,591,359,882,692
frame_1881.jpg,15,29,hand,732,669,747,698
frame_1881.jpg,40,34,hand,437,671,477,705
frame_1901.jpg,276,344,hand,278,370,554,714
frame_1901.jpg,336,349,hand,587,347,923,696
frame_1901.jpg,118,137,hand,789,399,907,536
frame_1901.jpg,57,57,hand,426,637,483,694
frame_1923.jpg,263,367,hand,273,287,536,654
frame_1923.jpg,258,324,hand,572,293,830,617
frame_1923.jpg,96,132,hand,747,315,843,447
frame_1923.jpg,67,83,hand,407,549,474,632
frame_1978.jpg,230,368,hand,342,224,572,592
frame_1978.jpg,295,325,hand,563,296,858,621
frame_1978.jpg,77,134,hand,703,563,780,697
frame_1978.jpg,114,142,hand,410,576,524,718
frame_2005.jpg,146,379,hand,370,237,516,616
frame_2005.jpg,341,286,hand,552,371,893,657
frame_2005.jpg,134,104,hand,684,612,818,716
frame_2005.jpg,91,107,hand,413,606,504,713
frame_2007.jpg,157,380,hand,335,231,492,611
frame_2007.jpg,331,280,hand,554,366,885,646
frame_2007.jpg,114,104,hand,693,615,807,719
frame_2007.jpg,100,124,hand,414,595,514,719
frame_2018.jpg,161,365,hand,332,229,493,594
frame_2018.jpg,332,353,hand,525,309,857,662
frame_2018.jpg,99,116,hand,686,600,785,716
frame_2018.jpg,88,151,hand,421,568,509,719
frame_2052.jpg,140,382,hand,311,197,451,579
frame_2052.jpg,241,370,hand,619,255,860,625
frame_2052.jpg,87,249,hand,655,462,742,711
frame_2052.jpg,104,188,hand,380,531,484,719
frame_2064.jpg,172,372,hand,205,156,377,528
frame_2064.jpg,180,347,hand,584,220,764,567
frame_2064.jpg,75,279,hand,596,393,671,672
frame_2064.jpg,131,255,hand,305,464,436,719
frame_2124.jpg,248,239,hand,557,36,805,275
frame_2124.jpg,68,126,hand,372,365,440,491
frame_2172.jpg,307,274,hand,558,0,865,274
frame_2172.jpg,175,195,hand,293,383,468,578
frame_2210.jpg,296,357,hand,782,274,1078,631
frame_2210.jpg,175,178,hand,667,21,842,199
frame_2210.jpg,172,185,hand,284,422,456,607
frame_2221.jpg,207,217,hand,628,44,835,261
frame_2221.jpg,169,190,hand,285,421,454,611
frame_2257.jpg,280,233,hand,625,0,905,233
frame_2257.jpg,30,50,hand,866,361,896,411
frame_2257.jpg,187,164,hand,398,60,585,224
frame_2302.jpg,288,150,hand,176,563,464,713
frame_2302.jpg,400,226,hand,580,491,980,717
frame_2302.jpg,118,107,hand,719,288,837,395
frame_2302.jpg,168,167,hand,295,7,463,174
frame_2303.jpg,302,160,hand,153,552,455,712
frame_2303.jpg,419,290,hand,597,414,1016,704
frame_2303.jpg,123,112,hand,721,291,844,403
frame_2303.jpg,180,158,hand,288,1,468,159
frame_2334.jpg,280,334,hand,8,377,288,711
frame_2334.jpg,342,343,hand,573,3,915,346
frame_2334.jpg,83,77,hand,684,356,767,433
frame_2334.jpg,267,223,hand,267,16,534,239
frame_2345.jpg,377,446,hand,16,264,393,710
frame_2345.jpg,394,467,hand,396,177,790,644
frame_2345.jpg,57,87,hand,734,235,791,322
frame_2380.jpg,308,228,hand,207,63,515,291
frame_2380.jpg,354,275,hand,605,99,959,374
frame_2380.jpg,59,23,hand,672,216,731,239
frame_2380.jpg,61,27,hand,537,150,598,177
frame_2383.jpg,300,222,hand,217,70,517,292
frame_2383.jpg,407,278,hand,589,99,996,377
frame_2383.jpg,49,19,hand,689,223,738,242
frame_2383.jpg,30,22,hand,545,151,575,173
frame_2471.jpg,316,261,hand,624,0,940,261
frame_2471.jpg,148,154,hand,724,257,872,411
frame_2471.jpg,107,145,hand,430,350,537,495
frame_2493.jpg,134,100,hand,638,147,772,247
frame_2493.jpg,80,100,hand,455,167,535,267
frame_2525.jpg,255,258,hand,708,319,963,577
frame_2525.jpg,158,131,hand,680,229,838,360
frame_2525.jpg,95,134,hand,472,235,567,369
frame_2566.jpg,185,172,hand,686,174,871,346
frame_2566.jpg,145,209,hand,777,459,922,668
frame_2566.jpg,88,168,hand,370,469,458,637
frame_2571.jpg,45,19,hand,105,697,150,716
frame_2571.jpg,208,221,hand,698,111,906,332
frame_2571.jpg,111,190,hand,782,446,893,636
frame_2571.jpg,87,156,hand,384,442,471,598
frame_2595.jpg,241,200,hand,667,223,908,423
frame_2595.jpg,110,137,hand,789,89,899,226
frame_2595.jpg,98,167,hand,382,458,480,625
frame_2608.jpg,247,208,hand,672,198,919,406
frame_2608.jpg,131,131,hand,779,111,910,242
frame_2608.jpg,99,166,hand,389,442,488,608
frame_2648.jpg,194,198,hand,540,170,734,368
frame_2648.jpg,98,161,hand,313,551,411,712
frame_2657.jpg,242,222,hand,635,436,877,658
frame_2657.jpg,199,207,hand,564,105,763,312
frame_2657.jpg,100,155,hand,336,484,436,639
frame_0017.jpg,193,56,hand,736,663,929,719
frame_0017.jpg,179,183,hand,642,295,821,478
frame_0017.jpg,155,157,hand,343,343,498,500
frame_0029.jpg,195,63,hand,741,652,936,715
frame_0029.jpg,183,173,hand,642,285,825,458
frame_0029.jpg,150,152,hand,352,322,502,474
frame_0083.jpg,176,187,hand,784,389,960,576
frame_0083.jpg,185,215,hand,460,303,645,518
frame_0115.jpg,183,169,hand,743,401,926,570
frame_0115.jpg,188,205,hand,416,298,604,503
frame_0126.jpg,191,198,hand,742,379,933,577
frame_0126.jpg,207,209,hand,398,298,605,507
frame_0168.jpg,185,178,hand,739,398,924,576
frame_0168.jpg,203,196,hand,362,296,565,492
frame_0193.jpg,193,178,hand,667,278,860,456
frame_0193.jpg,211,200,hand,253,241,464,441
frame_0221.jpg,197,160,hand,654,309,851,469
frame_0221.jpg,186,144,hand,208,142,394,286
frame_0244.jpg,196,168,hand,663,409,859,577
frame_0244.jpg,207,126,hand,400,86,607,212
frame_0280.jpg,82,14,hand,747,701,829,715
frame_0280.jpg,213,184,hand,647,378,860,562
frame_0280.jpg,187,119,hand,371,33,558,152
frame_0390.jpg,286,243,hand,461,371,747,614
frame_0390.jpg,147,133,hand,456,283,603,416
frame_0410.jpg,273,247,hand,469,355,742,602
frame_0410.jpg,162,105,hand,433,306,595,411
frame_0411.jpg,274,233,hand,469,360,743,593
frame_0411.jpg,156,124,hand,448,291,604,415
frame_0499.jpg,130,111,hand,599,355,729,466
frame_0499.jpg,12,28,hand,431,392,443,420
frame_0507.jpg,205,49,hand,742,670,947,719
frame_0507.jpg,130,106,hand,604,341,734,447
frame_0515.jpg,308,161,hand,673,555,981,716
frame_0515.jpg,134,106,hand,590,253,724,359
frame_0566.jpg,255,98,hand,384,618,639,716
frame_0566.jpg,74,111,hand,997,349,1071,460
frame_0566.jpg,100,95,hand,745,302,845,397
frame_0627.jpg,302,159,hand,242,560,544,719
frame_0627.jpg,305,164,hand,831,550,1136,714
frame_0627.jpg,78,106,hand,780,208,858,314
frame_0627.jpg,59,82,hand,573,225,632,307
frame_0638.jpg,251,120,hand,272,594,523,714
frame_0638.jpg,219,108,hand,923,608,1142,716
frame_0638.jpg,71,119,hand,822,248,893,367
frame_0638.jpg,71,88,hand,603,270,674,358
frame_0644.jpg,257,120,hand,249,594,506,714
frame_0644.jpg,230,123,hand,900,593,1130,716
frame_0644.jpg,74,116,hand,799,244,873,360
frame_0644.jpg,66,89,hand,586,261,652,350
frame_0650.jpg,262,116,hand,241,599,503,715
frame_0650.jpg,229,115,hand,897,599,1126,714
frame_0650.jpg,83,111,hand,785,249,868,360
frame_0650.jpg,59,91,hand,573,262,632,353
frame_0689.jpg,234,122,hand,3,597,237,719
frame_0689.jpg,330,290,hand,482,281,812,571
frame_0689.jpg,159,133,hand,399,7,558,140
frame_0735.jpg,359,212,hand,181,505,540,717
frame_0735.jpg,335,135,hand,838,584,1173,719
frame_0735.jpg,359,231,hand,711,357,1070,588
frame_0735.jpg,57,98,hand,646,187,703,285
frame_0808.jpg,402,338,hand,98,370,500,708
frame_0808.jpg,378,345,hand,785,370,1163,715
frame_0808.jpg,104,102,hand,498,32,602,134
frame_0808.jpg,114,156,hand,383,66,497,222
frame_0823.jpg,432,322,hand,55,384,487,706
frame_0823.jpg,381,339,hand,765,371,1146,710
frame_0823.jpg,83,95,hand,501,9,584,104
frame_0823.jpg,141,152,hand,412,85,553,237
frame_0825.jpg,427,331,hand,51,383,478,714
frame_0825.jpg,365,336,hand,771,375,1136,711
frame_0825.jpg,72,96,hand,501,12,573,108
frame_0825.jpg,138,129,hand,390,88,528,217
frame_0826.jpg,409,324,hand,65,384,474,708
frame_0826.jpg,354,335,hand,769,374,1123,709
frame_0826.jpg,71,96,hand,501,10,572,106
frame_0826.jpg,142,129,hand,387,86,529,215
frame_0843.jpg,207,66,hand,185,646,392,712
frame_0843.jpg,244,149,hand,805,561,1049,710
frame_0843.jpg,104,123,hand,652,234,756,357
frame_0843.jpg,141,126,hand,333,275,474,401
frame_0847.jpg,203,68,hand,847,646,1050,714
frame_0847.jpg,162,117,hand,737,340,899,457
frame_0847.jpg,133,124,hand,383,362,516,486
frame_0849.jpg,203,57,hand,844,658,1047,715
frame_0849.jpg,176,116,hand,733,339,909,455
frame_0849.jpg,143,132,hand,381,360,524,492
frame_0884.jpg,191,57,hand,238,659,429,716
frame_0884.jpg,248,131,hand,830,588,1078,719
frame_0884.jpg,126,112,hand,679,291,805,403
frame_0884.jpg,33,85,hand,491,285,524,370
frame_0899.jpg,180,54,hand,283,664,463,718
frame_0899.jpg,237,116,hand,869,602,1106,718
frame_0899.jpg,127,110,hand,722,304,849,414
frame_0899.jpg,25,89,hand,544,306,569,395
frame_0930.jpg,241,78,hand,237,638,478,716
frame_0930.jpg,245,123,hand,875,591,1120,714
frame_0930.jpg,132,113,hand,732,283,864,396
frame_0930.jpg,21,85,hand,560,284,581,369
frame_0942.jpg,229,77,hand,236,640,465,717
frame_0942.jpg,248,125,hand,873,593,1121,718
frame_0942.jpg,181,127,hand,747,304,928,431
frame_0942.jpg,133,109,hand,448,292,581,401
frame_0987.jpg,252,94,hand,243,623,495,717
frame_0987.jpg,211,96,hand,902,619,1113,715
frame_0987.jpg,199,143,hand,775,309,974,452
frame_0987.jpg,237,210,hand,452,406,689,616
frame_1005.jpg,257,84,hand,227,635,484,719
frame_1005.jpg,221,104,hand,889,612,1110,716
frame_1005.jpg,186,144,hand,756,301,942,445
frame_1005.jpg,249,213,hand,424,406,673,619
frame_1028.jpg,248,95,hand,230,624,478,719
frame_1028.jpg,218,106,hand,887,613,1105,719
frame_1028.jpg,197,131,hand,747,316,944,447
frame_1028.jpg,258,216,hand,430,399,688,615
frame_1174.jpg,40,13,hand,173,703,213,716
frame_1174.jpg,224,154,hand,670,555,894,709
frame_1174.jpg,127,96,hand,515,298,642,394
frame_1203.jpg,266,230,hand,479,486,745,716
frame_1203.jpg,138,150,hand,332,280,470,430
frame_1203.jpg,79,56,hand,243,367,322,423
frame_1208.jpg,271,215,hand,498,493,769,708
frame_1208.jpg,145,142,hand,348,275,493,417
frame_1208.jpg,79,67,hand,264,355,343,422
frame_1211.jpg,345,233,hand,444,486,789,719
frame_1211.jpg,138,133,hand,364,277,502,410
frame_1211.jpg,79,67,hand,270,349,349,416
frame_1238.jpg,343,273,hand,497,442,840,715
frame_1238.jpg,155,130,hand,410,215,565,345
frame_1238.jpg,61,64,hand,342,277,403,341
frame_1242.jpg,340,264,hand,510,450,850,714
frame_1242.jpg,147,106,hand,420,218,567,324
frame_1242.jpg,36,50,hand,362,284,398,334
frame_1247.jpg,331,245,hand,490,467,821,712
frame_1247.jpg,162,130,hand,426,229,588,359
frame_1247.jpg,49,56,hand,340,299,389,355
frame_1319.jpg,310,246,hand,460,473,770,719
frame_1319.jpg,162,148,hand,392,184,554,332
frame_1319.jpg,57,59,hand,333,325,390,384
frame_1325.jpg,151,50,hand,81,666,232,716
frame_1325.jpg,314,294,hand,498,424,812,718
frame_1325.jpg,156,149,hand,442,139,598,288
frame_1325.jpg,48,49,hand,379,275,427,324
frame_1357.jpg,269,134,hand,112,585,381,719
frame_1357.jpg,367,282,hand,653,425,1020,707
frame_1357.jpg,152,157,hand,645,126,797,283
frame_1357.jpg,21,46,hand,554,225,575,271
frame_1414.jpg,270,132,hand,149,587,419,719
frame_1414.jpg,369,263,hand,708,456,1077,719
frame_1414.jpg,137,156,hand,711,177,848,333
frame_1414.jpg,10,24,hand,615,269,625,293
frame_1423.jpg,266,124,hand,153,594,419,718
frame_1423.jpg,383,252,hand,704,467,1087,719
frame_1423.jpg,134,155,hand,737,181,871,336
frame_1423.jpg,112,116,hand,334,172,446,288
frame_1518.jpg,132,154,hand,764,165,896,319
frame_1518.jpg,162,135,hand,362,118,524,253
frame_1546.jpg,112,110,hand,826,349,938,459
frame_1546.jpg,148,148,hand,380,123,528,271
frame_1583.jpg,28,35,hand,780,480,808,515
frame_1583.jpg,184,155,hand,569,375,753,530
frame_1667.jpg,269,311,hand,247,230,516,541
frame_1667.jpg,128,153,hand,461,268,589,421
frame_1667.jpg,42,31,hand,264,415,306,446
frame_1692.jpg,288,269,hand,218,281,506,550
frame_1692.jpg,37,27,hand,259,411,296,438
frame_1721.jpg,270,305,hand,314,246,584,551
frame_1747.jpg,232,309,hand,337,214,569,523
frame_1780.jpg,292,319,hand,55,377,347,696
frame_1780.jpg,316,380,hand,689,153,1005,533
frame_1780.jpg,135,142,hand,538,278,673,420
frame_1795.jpg,313,354,hand,141,327,454,681
frame_1795.jpg,337,403,hand,823,241,1160,644
frame_1795.jpg,176,144,hand,768,114,944,258
frame_1828.jpg,375,522,hand,4,197,379,719
frame_1828.jpg,486,518,hand,630,124,1116,642
frame_1828.jpg,34,148,hand,711,448,745,596
frame_1828.jpg,137,143,hand,372,483,509,626
frame_1891.jpg,98,135,hand,674,390,772,525
frame_1891.jpg,65,122,hand,442,383,507,505
frame_1912.jpg,92,129,hand,666,355,758,484
frame_1912.jpg,82,110,hand,415,373,497,483
frame_1914.jpg,84,131,hand,677,358,761,489
frame_1914.jpg,82,113,hand,423,376,505,489
frame_1918.jpg,84,141,hand,718,348,802,489
frame_1918.jpg,106,114,hand,448,381,554,495
frame_1923.jpg,47,126,hand,824,353,871,479
frame_1923.jpg,132,120,hand,510,372,642,492
frame_1962.jpg,99,122,hand,806,441,905,563
frame_1962.jpg,306,233,hand,668,101,974,334
frame_2017.jpg,74,105,hand,695,430,769,535
frame_2017.jpg,208,117,hand,717,42,925,159
frame_2069.jpg,45,77,hand,687,416,732,493
frame_2069.jpg,316,253,hand,507,214,823,467
frame_2070.jpg,24,59,hand,705,433,729,492
frame_2070.jpg,313,256,hand,506,217,819,473
frame_2078.jpg,22,62,hand,667,431,689,493
frame_2078.jpg,312,256,hand,457,216,769,472
frame_2097.jpg,29,58,hand,603,423,632,481
frame_2097.jpg,308,254,hand,392,205,700,459
frame_2102.jpg,29,62,hand,580,399,609,461
frame_2102.jpg,313,249,hand,361,193,674,442
frame_2121.jpg,26,56,hand,536,354,562,410
frame_2121.jpg,317,256,hand,274,143,591,399
frame_2132.jpg,71,16,hand,758,702,829,718
frame_2132.jpg,43,76,hand,537,321,580,397
frame_2132.jpg,294,262,hand,252,127,546,389
frame_2186.jpg,30,32,hand,526,356,556,388
frame_2186.jpg,331,239,hand,280,153,611,392
frame_2216.jpg,33,72,hand,533,331,566,403
frame_2216.jpg,309,241,hand,255,170,564,411
frame_2240.jpg,152,156,hand,694,325,846,481
frame_2240.jpg,268,167,hand,386,289,654,456
frame_2252.jpg,23,58,hand,606,555,629,613
frame_2252.jpg,288,154,hand,293,216,581,370
frame_2268.jpg,13,39,hand,584,561,597,600
frame_2268.jpg,295,163,hand,300,186,595,349
frame_2345.jpg,240,276,hand,588,442,828,718
frame_2345.jpg,98,104,hand,457,248,555,352
frame_2351.jpg,237,264,hand,572,443,809,707
frame_2351.jpg,96,105,hand,459,246,555,351
frame_2366.jpg,255,275,hand,560,444,815,719
frame_2366.jpg,110,110,hand,467,248,577,358
frame_2381.jpg,263,279,hand,560,433,823,712
frame_2381.jpg,102,111,hand,490,249,592,360
frame_2442.jpg,220,314,hand,475,372,695,686
frame_2442.jpg,132,76,hand,334,6,466,82
frame_2451.jpg,210,287,hand,467,363,677,650
frame_2451.jpg,131,17,hand,215,3,346,20
frame_2500.jpg,116,111,hand,460,404,576,515
frame_2502.jpg,124,121,hand,466,422,590,543
frame_2510.jpg,467,315,hand,810,340,1277,655
frame_2510.jpg,146,134,hand,491,533,637,667
frame_2514.jpg,407,234,hand,801,269,1208,503
frame_2514.jpg,154,135,hand,480,583,634,718
frame_2551.jpg,400,202,hand,789,314,1189,516
frame_2551.jpg,32,12,hand,670,641,702,653
frame_2551.jpg,173,105,hand,513,614,686,719
frame_2571.jpg,166,124,hand,472,531,638,655
frame_2573.jpg,146,131,hand,457,507,603,638
frame_2583.jpg,110,126,hand,395,424,505,550
frame_2588.jpg,92,125,hand,388,337,480,462
frame_2600.jpg,61,133,hand,562,308,623,441
frame_2600.jpg,114,110,hand,41,6,155,116
frame_2621.jpg,49,127,hand,627,309,676,436
frame_2621.jpg,120,109,hand,280,231,400,340
frame_2648.jpg,102,121,hand,673,313,775,434
frame_2648.jpg,136,115,hand,376,366,512,481
frame_2685.jpg,28,15,hand,383,700,411,715
frame_2685.jpg,121,36,hand,630,681,751,717
frame_2685.jpg,91,132,hand,651,342,742,474
frame_2685.jpg,133,112,hand,365,372,498,484
frame_2695.jpg,128,65,hand,678,651,806,716
frame_2695.jpg,87,131,hand,670,326,757,457
frame_2695.jpg,146,110,hand,374,362,520,472
frame_2698.jpg,79,26,hand,390,690,469,716
frame_2698.jpg,113,27,hand,677,692,790,719
frame_2698.jpg,86,127,hand,670,327,756,454
frame_2698.jpg,138,105,hand,376,353,514,458
frame_0007.jpg,303,209,hand,8,505,311,714
frame_0007.jpg,369,366,hand,504,349,873,715
frame_0007.jpg,116,120,hand,480,54,596,174
frame_0007.jpg,13,71,hand,242,163,255,234
frame_0021.jpg,125,288,hand,5,419,130,707
frame_0021.jpg,378,392,hand,352,244,730,636
frame_0021.jpg,144,113,hand,357,10,501,123
frame_0021.jpg,68,76,hand,117,116,185,192
frame_0073.jpg,189,263,hand,166,402,355,665
frame_0073.jpg,183,231,hand,564,402,747,633
frame_0073.jpg,72,94,hand,538,160,610,254
frame_0073.jpg,62,83,hand,346,201,408,284
frame_0110.jpg,252,130,hand,2,588,254,718
frame_0110.jpg,1201,327,hand,10,13,1211,340
frame_0110.jpg,75,47,hand,419,298,494,345
frame_0110.jpg,16,11,hand,219,342,235,353
frame_0188.jpg,236,221,hand,95,494,331,715
frame_0188.jpg,233,137,hand,638,578,871,715
frame_0188.jpg,92,115,hand,563,288,655,403
frame_0188.jpg,43,104,hand,373,357,416,461
frame_0197.jpg,250,248,hand,119,463,369,711
frame_0197.jpg,277,219,hand,581,496,858,715
frame_0197.jpg,99,110,hand,501,229,600,339
frame_0197.jpg,33,95,hand,311,313,344,408
frame_0218.jpg,286,302,hand,122,414,408,716
frame_0218.jpg,260,180,hand,557,534,817,714
frame_0218.jpg,111,127,hand,504,226,615,353
frame_0218.jpg,28,70,hand,299,335,327,405
frame_0267.jpg,254,182,hand,47,537,301,719
frame_0267.jpg,123,35,hand,626,683,749,718
frame_0267.jpg,98,126,hand,548,343,646,469
frame_0267.jpg,38,57,hand,334,446,372,503
frame_0293.jpg,323,279,hand,36,432,359,711
frame_0293.jpg,95,70,hand,550,649,645,719
frame_0311.jpg,258,290,hand,64,403,322,693
frame_0311.jpg,106,56,hand,538,662,644,718
frame_0328.jpg,260,350,hand,218,272,478,622
frame_0328.jpg,326,212,hand,450,174,776,386
frame_0328.jpg,73,121,hand,586,513,659,634
frame_0328.jpg,73,108,hand,364,563,437,671
frame_0358.jpg,275,182,hand,585,176,860,358
frame_0358.jpg,49,119,hand,620,527,669,646
frame_0358.jpg,99,126,hand,365,545,464,671
frame_0389.jpg,286,180,hand,589,189,875,369
frame_0389.jpg,47,121,hand,626,517,673,638
frame_0389.jpg,102,124,hand,363,546,465,670
frame_0390.jpg,302,185,hand,586,189,888,374
frame_0390.jpg,51,110,hand,621,528,672,638
frame_0390.jpg,98,118,hand,367,551,465,669
frame_0392.jpg,295,183,hand,600,167,895,350
frame_0392.jpg,48,112,hand,615,522,663,634
frame_0392.jpg,101,120,hand,361,548,462,668
frame_0394.jpg,328,183,hand,627,171,955,354
frame_0394.jpg,46,120,hand,614,526,660,646
frame_0394.jpg,107,118,hand,356,553,463,671
frame_0397.jpg,315,280,hand,708,259,1023,539
frame_0397.jpg,51,117,hand,621,545,672,662
frame_0397.jpg,112,117,hand,358,573,470,690
frame_0410.jpg,47,104,hand,597,513,644,617
frame_0410.jpg,89,98,hand,373,555,462,653
frame_0412.jpg,54,106,hand,588,495,642,601
frame_0412.jpg,91,106,hand,375,534,466,640
frame_0416.jpg,74,112,hand,571,488,645,600
frame_0416.jpg,77,97,hand,372,538,449,635
frame_0460.jpg,175,46,hand,296,670,471,716
frame_0460.jpg,150,40,hand,487,678,637,718
frame_0460.jpg,112,176,hand,628,360,740,536
frame_0460.jpg,63,118,hand,588,323,651,441
frame_0477.jpg,107,30,hand,340,689,447,719
frame_0477.jpg,103,18,hand,496,700,599,718
frame_0477.jpg,116,177,hand,624,385,740,562
frame_0477.jpg,67,112,hand,591,342,658,454
frame_0479.jpg,134,36,hand,328,682,462,718
frame_0479.jpg,128,25,hand,483,694,611,719
frame_0479.jpg,122,171,hand,622,383,744,554
frame_0479.jpg,60,113,hand,596,334,656,447
frame_0492.jpg,132,44,hand,324,673,456,717
frame_0492.jpg,129,21,hand,479,697,608,718
frame_0492.jpg,116,173,hand,632,380,748,553
frame_0492.jpg,70,113,hand,594,339,664,452
frame_0543.jpg,73,22,hand,342,696,415,718
frame_0543.jpg,128,126,hand,643,424,771,550
frame_0543.jpg,116,249,hand,639,233,755,482
frame_0546.jpg,66,17,hand,340,702,406,719
frame_0546.jpg,112,124,hand,654,419,766,543
frame_0546.jpg,132,266,hand,630,228,762,494
frame_0597.jpg,133,37,hand,310,681,443,718
frame_0597.jpg,125,19,hand,472,700,597,719
frame_0597.jpg,111,162,hand,661,372,772,534
frame_0597.jpg,165,288,hand,556,222,721,510
frame_0599.jpg,123,32,hand,311,687,434,719
frame_0599.jpg,124,14,hand,470,705,594,719
frame_0599.jpg,109,166,hand,670,365,779,531
frame_0599.jpg,169,271,hand,555,232,724,503
frame_0612.jpg,108,39,hand,319,680,427,719
frame_0612.jpg,114,11,hand,475,708,589,719
frame_0612.jpg,78,161,hand,696,371,774,532
frame_0612.jpg,152,282,hand,579,229,731,511
frame_0717.jpg,144,172,hand,583,515,727,687
frame_0717.jpg,190,209,hand,69,301,259,510
frame_0740.jpg,167,133,hand,592,364,759,497
frame_0740.jpg,175,199,hand,156,358,331,557
frame_0777.jpg,168,203,hand,624,361,792,564
frame_0777.jpg,173,206,hand,163,362,336,568
frame_0778.jpg,173,207,hand,623,370,796,577
frame_0778.jpg,169,199,hand,176,383,345,582
frame_0779.jpg,167,189,hand,624,398,791,587
frame_0779.jpg,174,205,hand,188,383,362,588
frame_0838.jpg,119,24,hand,338,694,457,718
frame_0838.jpg,194,104,hand,649,611,843,715
frame_0838.jpg,123,112,hand,731,310,854,422
frame_0838.jpg,139,135,hand,304,278,443,413
frame_0847.jpg,226,67,hand,285,652,511,719
frame_0847.jpg,197,91,hand,655,628,852,719
frame_0847.jpg,112,114,hand,716,295,828,409
frame_0847.jpg,119,120,hand,346,256,465,376
frame_0849.jpg,209,56,hand,297,663,506,719
frame_0849.jpg,190,79,hand,659,638,849,717
frame_0849.jpg,108,116,hand,716,312,824,428
frame_0849.jpg,123,121,hand,345,264,468,385
frame_0863.jpg,335,132,hand,172,586,507,718
frame_0863.jpg,292,281,hand,644,342,936,623
frame_0863.jpg,123,119,hand,742,203,865,322
frame_0863.jpg,135,135,hand,332,141,467,276
frame_0878.jpg,270,84,hand,152,634,422,718
frame_0878.jpg,286,280,hand,576,332,862,612
frame_0878.jpg,127,127,hand,715,203,842,330
frame_0878.jpg,142,139,hand,282,154,424,293
frame_0908.jpg,282,270,hand,554,402,836,672
frame_0908.jpg,125,131,hand,682,262,807,393
frame_0908.jpg,138,146,hand,249,243,387,389
frame_0943.jpg,259,266,hand,564,445,823,711
frame_0943.jpg,131,130,hand,670,306,801,436
frame_0943.jpg,143,170,hand,237,272,380,442
frame_0967.jpg,253,265,hand,555,416,808,681
frame_0967.jpg,120,125,hand,660,284,780,409
frame_0967.jpg,164,140,hand,207,266,371,406
frame_1008.jpg,255,236,hand,473,473,728,709
frame_1008.jpg,121,134,hand,589,330,710,464
frame_1008.jpg,160,156,hand,136,293,296,449
frame_1033.jpg,260,222,hand,504,492,764,714
frame_1033.jpg,123,124,hand,607,350,730,474
frame_1033.jpg,165,167,hand,161,307,326,474
frame_1036.jpg,274,215,hand,502,499,776,714
frame_1036.jpg,116,125,hand,617,358,733,483
frame_1036.jpg,164,162,hand,163,314,327,476
frame_1063.jpg,284,203,hand,498,512,782,715
frame_1063.jpg,120,137,hand,619,357,739,494
frame_1063.jpg,154,176,hand,174,309,328,485
frame_1070.jpg,275,196,hand,493,520,768,716
frame_1070.jpg,125,133,hand,615,368,740,501
frame_1070.jpg,170,169,hand,160,326,330,495
frame_1100.jpg,268,179,hand,519,538,787,717
frame_1100.jpg,120,129,hand,623,379,743,508
frame_1100.jpg,165,167,hand,175,370,340,537
frame_1145.jpg,271,180,hand,524,537,795,717
frame_1145.jpg,113,143,hand,625,365,738,508
frame_1145.jpg,168,171,hand,171,353,339,524
frame_1172.jpg,256,157,hand,522,561,778,718
frame_1172.jpg,117,140,hand,623,381,740,521
frame_1172.jpg,160,168,hand,173,358,333,526
frame_1240.jpg,226,153,hand,552,565,778,718
frame_1240.jpg,117,129,hand,625,399,742,528
frame_1240.jpg,150,158,hand,187,366,337,524
frame_1313.jpg,201,273,hand,233,445,434,718
frame_1313.jpg,121,247,hand,514,467,635,714
frame_1313.jpg,150,210,hand,665,507,815,717
frame_1407.jpg,140,324,hand,408,340,548,664
frame_1407.jpg,124,324,hand,633,389,757,713
frame_1407.jpg,18,38,hand,489,678,507,716
frame_1468.jpg,108,284,hand,382,255,490,539
frame_1468.jpg,120,248,hand,576,264,696,512
frame_1468.jpg,46,87,hand,588,607,634,694
frame_1468.jpg,74,127,hand,430,534,504,661
frame_1477.jpg,115,301,hand,372,233,487,534
frame_1477.jpg,127,243,hand,568,251,695,494
frame_1477.jpg,41,60,hand,573,583,614,643
frame_1477.jpg,57,122,hand,444,512,501,634
frame_1490.jpg,114,288,hand,364,158,478,446
frame_1490.jpg,113,253,hand,591,179,704,432
frame_1490.jpg,41,52,hand,583,502,624,554
frame_1490.jpg,66,150,hand,442,414,508,564
frame_1500.jpg,120,303,hand,360,158,480,461
frame_1500.jpg,120,279,hand,584,166,704,445
frame_1500.jpg,59,54,hand,575,494,634,548
frame_1500.jpg,48,135,hand,460,417,508,552
frame_1511.jpg,143,296,hand,329,169,472,465
frame_1511.jpg,107,260,hand,612,178,719,438
frame_1511.jpg,78,119,hand,582,468,660,587
frame_1511.jpg,59,139,hand,458,435,517,574
frame_1551.jpg,236,115,hand,308,604,544,719
frame_1551.jpg,144,139,hand,564,580,708,719
frame_1551.jpg,93,193,hand,622,465,715,658
frame_1551.jpg,67,154,hand,432,458,499,612
frame_1585.jpg,246,181,hand,609,243,855,424
frame_1585.jpg,142,140,hand,634,575,776,715
frame_1585.jpg,102,144,hand,410,553,512,697
frame_1610.jpg,312,171,hand,215,199,527,370
frame_1610.jpg,252,204,hand,565,211,817,415
frame_1610.jpg,121,129,hand,620,542,741,671
frame_1610.jpg,36,121,hand,446,561,482,682
frame_1631.jpg,334,170,hand,185,201,519,371
frame_1631.jpg,251,227,hand,570,198,821,425
frame_1631.jpg,116,151,hand,610,465,726,616
frame_1631.jpg,57,138,hand,421,463,478,601
frame_1682.jpg,213,252,hand,217,453,430,705
frame_1682.jpg,224,196,hand,686,520,910,716
frame_1682.jpg,83,252,hand,575,296,658,548
frame_1682.jpg,82,207,hand,427,297,509,504
frame_1720.jpg,220,198,hand,125,515,345,713
frame_1720.jpg,280,340,hand,621,375,901,715
frame_1720.jpg,76,231,hand,570,262,646,493
frame_1720.jpg,88,228,hand,424,246,512,474
frame_1756.jpg,180,192,hand,150,523,330,715
frame_1756.jpg,270,229,hand,610,489,880,718
frame_1756.jpg,68,233,hand,591,291,659,524
frame_1756.jpg,88,208,hand,439,276,527,484
frame_1774.jpg,210,95,hand,232,620,442,715
frame_1774.jpg,254,260,hand,552,277,806,537
frame_1774.jpg,54,102,hand,611,476,665,578
frame_1774.jpg,99,210,hand,440,298,539,508
frame_1778.jpg,193,73,hand,256,644,449,717
frame_1778.jpg,255,234,hand,535,266,790,500
frame_1778.jpg,38,118,hand,620,476,658,594
frame_1778.jpg,84,205,hand,449,304,533,509
frame_1794.jpg,215,96,hand,227,622,442,718
frame_1794.jpg,300,301,hand,548,328,848,629
frame_1794.jpg,43,95,hand,631,393,674,488
frame_1794.jpg,143,136,hand,399,324,542,460
frame_1817.jpg,190,93,hand,245,622,435,715
frame_1817.jpg,233,199,hand,586,517,819,716
frame_1817.jpg,94,120,hand,604,390,698,510
frame_1817.jpg,123,164,hand,350,368,473,532
frame_1834.jpg,114,79,hand,274,639,388,718
frame_1834.jpg,140,109,hand,632,604,772,713
frame_1834.jpg,188,180,hand,544,413,732,593
frame_1834.jpg,181,162,hand,322,411,503,573
frame_1847.jpg,89,49,hand,288,665,377,714
frame_1847.jpg,145,100,hand,632,615,777,715
frame_1847.jpg,173,187,hand,537,428,710,615
frame_1847.jpg,178,159,hand,313,432,491,591
frame_1886.jpg,160,80,hand,212,636,372,716
frame_1886.jpg,169,86,hand,619,632,788,718
frame_1886.jpg,224,188,hand,499,398,723,586
frame_1886.jpg,167,179,hand,321,423,488,602
frame_1920.jpg,156,30,hand,291,684,447,714
frame_1920.jpg,229,166,hand,601,552,830,718
frame_1920.jpg,231,177,hand,507,326,738,503
frame_1920.jpg,168,194,hand,332,359,500,553
frame_2031.jpg,150,90,hand,314,629,464,719
frame_2031.jpg,191,145,hand,608,568,799,713
frame_2031.jpg,104,271,hand,579,227,683,498
frame_2031.jpg,131,278,hand,352,271,483,549
frame_2073.jpg,79,176,hand,646,460,725,636
frame_2073.jpg,117,146,hand,366,473,483,619
frame_2107.jpg,263,216,hand,174,324,437,540
frame_2107.jpg,92,120,hand,589,506,681,626
frame_2107.jpg,119,135,hand,341,561,460,696
frame_2156.jpg,299,230,hand,27,487,326,717
frame_2156.jpg,97,40,hand,714,679,811,719
frame_2156.jpg,130,127,hand,591,446,721,573
frame_2156.jpg,149,128,hand,348,202,497,330
frame_2162.jpg,107,39,hand,729,680,836,719
frame_2162.jpg,122,126,hand,610,435,732,561
frame_2162.jpg,143,140,hand,360,190,503,330
frame_2169.jpg,93,20,hand,720,699,813,719
frame_2169.jpg,123,131,hand,595,443,718,574
frame_2169.jpg,143,142,hand,337,216,480,358
frame_2185.jpg,220,101,hand,41,611,261,712
frame_2185.jpg,113,35,hand,729,683,842,718
frame_2185.jpg,117,123,hand,592,429,709,552
frame_2185.jpg,146,153,hand,311,216,457,369
frame_2191.jpg,307,314,hand,45,380,352,694
frame_2191.jpg,85,15,hand,751,701,836,716
frame_2191.jpg,120,135,hand,612,439,732,574
frame_2191.jpg,167,127,hand,315,192,482,319
frame_2280.jpg,128,110,hand,624,425,752,535
frame_2280.jpg,21,57,hand,448,449,469,506
frame_2348.jpg,236,116,hand,283,599,519,715
frame_2348.jpg,206,169,hand,604,546,810,715
frame_2348.jpg,151,126,hand,535,270,686,396
frame_2348.jpg,144,142,hand,341,269,485,411
frame_2370.jpg,95,21,hand,254,698,349,719
frame_2370.jpg,181,72,hand,451,643,632,715
frame_2370.jpg,168,170,hand,519,270,687,440
frame_2370.jpg,163,158,hand,286,339,449,497
frame_2374.jpg,269,97,hand,85,622,354,719
frame_2374.jpg,141,79,hand,557,636,698,715
frame_2374.jpg,179,177,hand,522,267,701,444
frame_2374.jpg,173,156,hand,274,334,447,490
frame_2387.jpg,328,232,hand,93,197,421,429
frame_2387.jpg,160,125,hand,587,192,747,317
frame_2414.jpg,237,175,hand,198,193,435,368
frame_2414.jpg,97,121,hand,561,409,658,530
frame_2414.jpg,82,107,hand,332,399,414,506
frame_2417.jpg,253,185,hand,190,177,443,362
frame_2417.jpg,108,111,hand,555,410,663,521
frame_2417.jpg,80,113,hand,338,377,418,490
frame_2435.jpg,191,53,hand,136,664,327,717
frame_2435.jpg,93,110,hand,623,399,716,509
frame_2435.jpg,131,101,hand,311,133,442,234
frame_2456.jpg,171,57,hand,125,657,296,714
frame_2456.jpg,104,112,hand,611,424,715,536
frame_2456.jpg,158,149,hand,342,127,500,276
frame_2470.jpg,30,7,hand,351,710,381,717
frame_2470.jpg,119,39,hand,483,679,602,718
frame_2470.jpg,98,107,hand,621,442,719,549
frame_2470.jpg,162,122,hand,361,134,523,256
frame_2530.jpg,235,210,hand,204,267,439,477
frame_2530.jpg,163,294,hand,551,282,714,576
frame_2530.jpg,142,103,hand,770,461,912,564
frame_2530.jpg,127,129,hand,300,143,427,272
frame_2536.jpg,255,206,hand,208,275,463,481
frame_2536.jpg,152,293,hand,572,280,724,573
frame_2536.jpg,191,141,hand,830,474,1021,615
frame_2536.jpg,142,130,hand,323,118,465,248
frame_2583.jpg,233,316,hand,3,259,236,575
frame_2583.jpg,114,132,hand,785,479,899,611
frame_2583.jpg,144,117,hand,313,227,457,344
frame_2605.jpg,242,286,hand,52,237,294,523
frame_2605.jpg,122,124,hand,785,491,907,615
frame_2605.jpg,139,114,hand,322,260,461,374
frame_2626.jpg,296,208,hand,91,187,387,395
frame_2626.jpg,102,105,hand,688,419,790,524
frame_2626.jpg,72,109,hand,531,351,603,460
frame_2654.jpg,287,216,hand,176,207,463,423
frame_2654.jpg,137,125,hand,560,459,697,584
frame_2654.jpg,117,68,hand,264,139,381,207
frame_2665.jpg,203,288,hand,7,329,210,617
frame_2665.jpg,134,101,hand,571,461,705,562
frame_2665.jpg,143,129,hand,287,113,430,242
frame_2671.jpg,136,107,hand,582,445,718,552
frame_2671.jpg,153,133,hand,356,141,509,274
frame_2675.jpg,121,101,hand,608,450,729,551
frame_2675.jpg,150,135,hand,403,156,553,291
frame_0017.jpg,191,129,hand,479,352,670,481
frame_0017.jpg,152,117,hand,344,371,496,488
frame_0018.jpg,209,127,hand,471,350,680,477
frame_0018.jpg,155,128,hand,335,356,490,484
frame_0058.jpg,228,109,hand,285,610,513,719
frame_0058.jpg,225,202,hand,553,364,778,566
frame_0058.jpg,160,203,hand,298,304,458,507
frame_0106.jpg,185,193,hand,656,282,841,475
frame_0106.jpg,230,249,hand,387,306,617,555
frame_0138.jpg,263,111,hand,315,608,578,719
frame_0138.jpg,249,81,hand,610,638,859,719
frame_0138.jpg,208,165,hand,637,231,845,396
frame_0138.jpg,146,158,hand,301,228,447,386
frame_0181.jpg,178,38,hand,328,681,506,719
frame_0181.jpg,169,77,hand,646,642,815,719
frame_0181.jpg,219,198,hand,584,361,803,559
frame_0181.jpg,224,292,hand,375,406,599,698
frame_0185.jpg,167,31,hand,337,688,504,719
frame_0185.jpg,237,57,hand,575,662,812,719
frame_0185.jpg,203,183,hand,607,361,810,544
frame_0185.jpg,225,281,hand,392,410,617,691
frame_0264.jpg,154,52,hand,222,667,376,719
frame_0264.jpg,289,206,hand,694,513,983,719
frame_0264.jpg,196,153,hand,735,282,931,435
frame_0264.jpg,152,117,hand,517,261,669,378
frame_0294.jpg,157,17,hand,230,702,387,719
frame_0294.jpg,231,65,hand,536,654,767,719
frame_0294.jpg,190,132,hand,744,295,934,427
frame_0294.jpg,157,226,hand,517,329,674,555
frame_0323.jpg,234,220,hand,255,477,489,697
frame_0323.jpg,200,220,hand,659,473,859,693
frame_0323.jpg,185,137,hand,756,391,941,528
frame_0323.jpg,152,199,hand,458,311,610,510
frame_0361.jpg,215,107,hand,154,612,369,719
frame_0361.jpg,299,173,hand,588,546,887,719
frame_0361.jpg,217,112,hand,649,281,866,393
frame_0361.jpg,135,152,hand,383,240,518,392
frame_0363.jpg,236,117,hand,147,602,383,719
frame_0363.jpg,341,177,hand,616,542,957,719
frame_0363.jpg,192,117,hand,621,279,813,396
frame_0363.jpg,132,162,hand,354,233,486,395
frame_0443.jpg,302,163,hand,614,556,916,719
frame_0443.jpg,211,141,hand,527,300,738,441
frame_0443.jpg,137,168,hand,355,249,492,417
frame_0487.jpg,207,78,hand,101,641,308,719
frame_0487.jpg,170,163,hand,699,304,869,467
frame_0487.jpg,163,182,hand,497,232,660,414
frame_0551.jpg,210,117,hand,607,275,817,392
frame_0551.jpg,142,173,hand,421,233,563,406
frame_0562.jpg,206,131,hand,607,254,813,385
frame_0562.jpg,131,134,hand,355,200,486,334
frame_0588.jpg,277,103,hand,867,616,1144,719
frame_0588.jpg,192,107,hand,614,275,806,382
frame_0588.jpg,155,156,hand,431,194,586,350
frame_0612.jpg,279,191,hand,714,496,993,687
frame_0612.jpg,212,114,hand,525,247,737,361
frame_0612.jpg,165,194,hand,266,176,431,370
frame_0619.jpg,380,234,hand,766,485,1146,719
frame_0619.jpg,218,116,hand,553,261,771,377
frame_0619.jpg,174,174,hand,308,187,482,361
frame_0663.jpg,222,50,hand,598,669,820,719
frame_0663.jpg,123,178,hand,810,157,933,335
frame_0663.jpg,167,146,hand,442,167,609,313
frame_0669.jpg,318,127,hand,568,592,886,719
frame_0669.jpg,181,148,hand,617,186,798,334
frame_0669.jpg,168,130,hand,329,176,497,306
frame_0681.jpg,357,118,hand,652,601,1009,719
frame_0681.jpg,206,118,hand,450,250,656,368
frame_0681.jpg,173,178,hand,233,197,406,375
frame_0700.jpg,253,65,hand,595,654,848,719
frame_0700.jpg,215,125,hand,415,245,630,370
frame_0700.jpg,154,184,hand,229,197,383,381
frame_0718.jpg,399,141,hand,534,578,933,719
frame_0718.jpg,147,145,hand,702,260,849,405
frame_0718.jpg,163,198,hand,73,201,236,399
frame_0721.jpg,363,168,hand,534,551,897,719
frame_0721.jpg,150,145,hand,692,250,842,395
frame_0721.jpg,172,194,hand,67,204,239,398
frame_0757.jpg,304,107,hand,737,612,1041,719
frame_0757.jpg,233,124,hand,340,281,573,405
frame_0757.jpg,157,178,hand,125,249,282,427
frame_0800.jpg,198,107,hand,870,612,1068,719
frame_0800.jpg,181,141,hand,451,240,632,381
frame_0800.jpg,133,145,hand,99,219,232,364
frame_0823.jpg,238,128,hand,1041,591,1279,719
frame_0823.jpg,279,312,hand,769,407,1048,719
frame_0823.jpg,188,319,hand,563,400,751,719
frame_0866.jpg,343,218,hand,669,501,1012,719
frame_0866.jpg,239,242,hand,872,375,1111,617
frame_0866.jpg,164,250,hand,431,324,595,574
frame_0875.jpg,290,152,hand,621,567,911,719
frame_0875.jpg,233,191,hand,815,353,1048,544
frame_0875.jpg,155,202,hand,315,239,470,441
frame_0964.jpg,240,96,hand,1039,623,1279,719
frame_0964.jpg,123,176,hand,765,315,888,491
frame_0964.jpg,141,171,hand,241,292,382,463
frame_1002.jpg,208,57,hand,115,662,323,719
frame_1002.jpg,231,219,hand,670,432,901,651
frame_1002.jpg,173,139,hand,881,339,1054,478
frame_1002.jpg,203,299,hand,383,288,586,587
frame_1061.jpg,96,18,hand,305,701,401,719
frame_1061.jpg,567,243,hand,712,473,1279,716
frame_1061.jpg,267,262,hand,389,457,656,719
frame_1106.jpg,189,65,hand,386,654,575,719
frame_1106.jpg,245,244,hand,543,386,788,630
frame_1106.jpg,167,157,hand,664,562,831,719
frame_1118.jpg,176,49,hand,371,670,547,719
frame_1118.jpg,302,240,hand,493,416,795,656
frame_1118.jpg,153,146,hand,655,573,808,719
frame_1131.jpg,189,51,hand,346,665,535,716
frame_1131.jpg,331,212,hand,536,435,867,647
frame_1131.jpg,167,189,hand,706,222,873,411
frame_1168.jpg,249,64,hand,241,654,490,718
frame_1168.jpg,310,118,hand,528,601,838,719
frame_1168.jpg,207,201,hand,841,304,1048,505
frame_1168.jpg,155,216,hand,546,207,701,423
frame_1176.jpg,224,59,hand,179,659,403,718
frame_1176.jpg,363,131,hand,460,588,823,719
frame_1176.jpg,266,179,hand,745,274,1011,453
frame_1176.jpg,139,178,hand,492,179,631,357
frame_1181.jpg,204,40,hand,197,679,401,719
frame_1181.jpg,264,72,hand,616,644,880,716
frame_1181.jpg,247,206,hand,726,299,973,505
frame_1181.jpg,147,160,hand,517,197,664,357
frame_1196.jpg,206,163,hand,781,265,987,428
frame_1196.jpg,145,167,hand,504,204,649,371
frame_1204.jpg,175,126,hand,820,242,995,368
frame_1204.jpg,187,163,hand,603,219,790,382
frame_1236.jpg,190,156,hand,714,225,904,381
frame_1236.jpg,195,154,hand,535,242,730,396
frame_1239.jpg,178,147,hand,752,232,930,379
frame_1239.jpg,206,161,hand,525,235,731,396
frame_1353.jpg,302,124,hand,225,595,527,719
frame_1353.jpg,490,216,hand,581,503,1071,719
frame_1353.jpg,152,131,hand,713,229,865,360
frame_1353.jpg,153,170,hand,447,232,600,402
frame_1368.jpg,302,136,hand,191,583,493,719
frame_1368.jpg,336,245,hand,719,400,1055,645
frame_1368.jpg,185,152,hand,613,264,798,416
frame_1368.jpg,166,221,hand,413,236,579,457
frame_1401.jpg,206,280,hand,848,300,1054,580
frame_1401.jpg,144,139,hand,234,222,378,361
frame_1416.jpg,228,64,hand,229,655,457,719
frame_1416.jpg,253,90,hand,595,629,848,719
frame_1416.jpg,214,222,hand,751,233,965,455
frame_1416.jpg,191,241,hand,336,282,527,523
frame_1419.jpg,228,71,hand,279,648,507,719
frame_1419.jpg,250,64,hand,684,655,934,719
frame_1419.jpg,213,217,hand,756,232,969,449
frame_1419.jpg,201,266,hand,465,297,666,563
frame_1440.jpg,320,164,hand,115,555,435,719
frame_1440.jpg,258,57,hand,483,662,741,719
frame_1440.jpg,216,187,hand,781,206,997,393
frame_1440.jpg,177,184,hand,464,225,641,409
frame_1461.jpg,430,191,hand,51,528,481,719
frame_1461.jpg,274,96,hand,433,623,707,719
frame_1461.jpg,205,167,hand,726,231,931,398
frame_1461.jpg,174,181,hand,514,186,688,367
frame_1476.jpg,404,180,hand,59,539,463,719
frame_1476.jpg,290,86,hand,397,633,687,719
frame_1476.jpg,212,162,hand,687,249,899,411
frame_1476.jpg,160,198,hand,488,204,648,402
frame_1477.jpg,415,181,hand,48,538,463,719
frame_1477.jpg,295,88,hand,394,631,689,719
frame_1477.jpg,213,181,hand,680,235,893,416
frame_1477.jpg,154,194,hand,492,208,646,402
frame_1496.jpg,277,149,hand,652,570,929,719
frame_1496.jpg,231,168,hand,265,270,496,438
frame_1496.jpg,154,193,hand,108,260,262,453
frame_1498.jpg,158,90,hand,876,629,1034,719
frame_1498.jpg,223,175,hand,297,264,520,439
frame_1498.jpg,163,196,hand,126,254,289,450
frame_1502.jpg,155,29,hand,10,690,165,719
frame_1502.jpg,149,53,hand,1040,666,1189,719
frame_1502.jpg,209,167,hand,407,285,616,452
frame_1502.jpg,163,196,hand,152,264,315,460
frame_1509.jpg,244,100,hand,984,616,1228,716
frame_1509.jpg,187,128,hand,476,284,663,412
frame_1509.jpg,197,259,hand,89,311,286,570
frame_1566.jpg,234,159,hand,179,560,413,719
frame_1566.jpg,190,31,hand,908,687,1098,718
frame_1566.jpg,201,199,hand,897,311,1098,510
frame_1566.jpg,149,160,hand,314,226,463,386
frame_1608.jpg,238,134,hand,255,585,493,719
frame_1608.jpg,269,139,hand,637,580,906,719
frame_1608.jpg,238,203,hand,767,357,1005,560
frame_1608.jpg,158,240,hand,517,322,675,562
frame_1612.jpg,156,146,hand,325,573,481,719
frame_1612.jpg,241,166,hand,653,553,894,719
frame_1612.jpg,260,215,hand,767,373,1027,588
frame_1612.jpg,160,228,hand,518,324,678,552
frame_1662.jpg,162,132,hand,323,587,485,719
frame_1662.jpg,214,180,hand,542,435,756,615
frame_1662.jpg,233,189,hand,735,452,968,641
frame_1662.jpg,173,195,hand,354,297,527,492
frame_1703.jpg,196,88,hand,183,630,379,718
frame_1703.jpg,263,213,hand,536,474,799,687
frame_1703.jpg,289,258,hand,364,347,653,605
frame_1703.jpg,165,250,hand,189,347,354,597
frame_1717.jpg,218,142,hand,176,577,394,719
frame_1717.jpg,211,183,hand,609,423,820,606
frame_1717.jpg,317,249,hand,365,352,682,601
frame_1717.jpg,163,228,hand,205,332,368,560
frame_1719.jpg,228,149,hand,173,569,401,718
frame_1719.jpg,243,161,hand,611,424,854,585
frame_1719.jpg,310,242,hand,372,350,682,592
frame_1719.jpg,167,216,hand,215,339,382,555
frame_1779.jpg,253,128,hand,253,591,506,719
frame_1779.jpg,249,187,hand,617,443,866,630
frame_1779.jpg,219,259,hand,957,392,1176,651
frame_1779.jpg,182,270,hand,364,375,546,645
frame_1785.jpg,245,152,hand,222,567,467,719
frame_1785.jpg,262,224,hand,543,448,805,672
frame_1785.jpg,238,271,hand,906,448,1144,719
frame_1785.jpg,174,199,hand,365,290,539,489
frame_1788.jpg,244,146,hand,230,573,474,719
frame_1788.jpg,229,245,hand,554,456,783,701
frame_1788.jpg,256,266,hand,862,453,1118,719
frame_1788.jpg,164,181,hand,375,275,539,456
frame_1848.jpg,163,38,hand,45,681,208,719
frame_1848.jpg,343,234,hand,652,467,995,701
frame_1848.jpg,258,273,hand,349,420,607,693
frame_1848.jpg,188,256,hand,148,421,336,677
frame_1860.jpg,165,62,hand,33,656,198,718
frame_1860.jpg,349,210,hand,574,487,923,697
frame_1860.jpg,263,278,hand,358,389,621,667
frame_1860.jpg,186,263,hand,147,395,333,658
frame_1892.jpg,192,77,hand,205,641,397,718
frame_1892.jpg,171,64,hand,908,655,1079,719
frame_1892.jpg,263,235,hand,424,417,687,652
frame_1892.jpg,148,210,hand,258,430,406,640
frame_1938.jpg,231,121,hand,88,598,319,719
frame_1938.jpg,161,75,hand,858,644,1019,719
frame_1938.jpg,264,217,hand,375,396,639,613
frame_1938.jpg,149,211,hand,208,327,357,538
frame_1976.jpg,223,135,hand,155,584,378,719
frame_1976.jpg,188,86,hand,922,633,1110,719
frame_1976.jpg,296,261,hand,445,368,741,629
frame_1976.jpg,155,211,hand,239,363,394,574
frame_2015.jpg,198,145,hand,418,573,616,718
frame_2015.jpg,263,176,hand,617,542,880,718
frame_2015.jpg,362,295,hand,88,424,450,719
frame_2015.jpg,115,163,hand,1,331,116,494
frame_2030.jpg,267,156,hand,431,563,698,719
frame_2030.jpg,281,182,hand,716,537,997,719
frame_2030.jpg,411,309,hand,20,410,431,719
frame_2030.jpg,158,200,hand,49,335,207,535
frame_2044.jpg,280,178,hand,422,541,702,719
frame_2044.jpg,301,184,hand,717,535,1018,719
frame_2044.jpg,258,186,hand,355,299,613,485
frame_2044.jpg,149,203,hand,77,277,226,480
frame_2069.jpg,233,174,hand,550,542,783,716
frame_2069.jpg,265,278,hand,751,441,1016,719
frame_2069.jpg,280,175,hand,415,334,695,509
frame_2069.jpg,137,187,hand,303,247,440,434
frame_2070.jpg,229,182,hand,570,537,799,719
frame_2070.jpg,234,249,hand,760,470,994,719
frame_2070.jpg,282,182,hand,424,331,706,513
frame_2070.jpg,138,185,hand,315,260,453,445
frame_2115.jpg,237,189,hand,280,530,517,719
frame_2115.jpg,293,184,hand,545,535,838,719
frame_2115.jpg,276,172,hand,585,359,861,531
frame_2115.jpg,150,204,hand,407,290,557,494
frame_2126.jpg,263,202,hand,259,517,522,719
frame_2126.jpg,330,207,hand,542,512,872,719
frame_2126.jpg,289,178,hand,578,332,867,510
frame_2126.jpg,152,228,hand,379,281,531,509
frame_2127.jpg,270,196,hand,259,523,529,719
frame_2127.jpg,335,214,hand,535,505,870,719
frame_2127.jpg,276,178,hand,578,331,854,509
frame_2127.jpg,147,234,hand,374,275,521,509
frame_2130.jpg,283,210,hand,248,509,531,719
frame_2130.jpg,326,217,hand,547,502,873,719
frame_2130.jpg,281,179,hand,584,324,865,503
frame_2130.jpg,148,224,hand,362,283,510,507
frame_2141.jpg,296,223,hand,229,496,525,719
frame_2141.jpg,348,255,hand,547,456,895,711
frame_2141.jpg,279,176,hand,579,320,858,496
frame_2141.jpg,188,181,hand,383,250,571,431
frame_2159.jpg,291,247,hand,186,450,477,697
frame_2159.jpg,254,143,hand,677,576,931,719
frame_2159.jpg,235,188,hand,620,292,855,480
frame_2159.jpg,124,182,hand,397,235,521,417
frame_2176.jpg,237,104,hand,134,615,371,719
frame_2176.jpg,273,145,hand,671,574,944,719
frame_2176.jpg,268,192,hand,650,300,918,492
frame_2176.jpg,147,184,hand,318,285,465,469
frame_2202.jpg,261,88,hand,229,631,490,719
frame_2202.jpg,287,157,hand,671,562,958,719
frame_2202.jpg,285,164,hand,614,320,899,484
frame_2202.jpg,198,286,hand,349,349,547,635
frame_2219.jpg,278,104,hand,389,615,667,719
frame_2219.jpg,274,152,hand,669,567,943,719
frame_2219.jpg,266,165,hand,631,341,897,506
frame_2219.jpg,178,274,hand,453,353,631,627
frame_2284.jpg,288,125,hand,325,594,613,719
frame_2284.jpg,259,209,hand,728,510,987,719
frame_2284.jpg,90,171,hand,880,300,970,471
frame_2284.jpg,231,195,hand,588,278,819,473
frame_2347.jpg,274,120,hand,513,599,787,719
frame_2347.jpg,281,224,hand,852,495,1133,719
frame_2347.jpg,264,248,hand,584,318,848,566
frame_2347.jpg,160,272,hand,385,322,545,594
frame_2364.jpg,291,129,hand,482,590,773,719
frame_2364.jpg,282,214,hand,826,502,1108,716
frame_2364.jpg,252,222,hand,589,336,841,558
frame_2364.jpg,176,255,hand,449,335,625,590
frame_2435.jpg,384,380,hand,1,339,385,719
frame_2435.jpg,492,420,hand,748,296,1240,716
frame_2435.jpg,161,183,hand,681,352,842,535
frame_2435.jpg,184,246,hand,411,391,595,637
frame_2451.jpg,353,408,hand,1,1,354,409
frame_2451.jpg,598,538,hand,681,0,1279,538
frame_2451.jpg,185,193,hand,666,431,851,624
frame_2451.jpg,165,189,hand,458,384,623,573
frame_2456.jpg,374,423,hand,1,0,375,423
frame_2456.jpg,595,533,hand,684,1,1279,534
frame_2456.jpg,205,184,hand,603,535,808,719
frame_2456.jpg,181,213,hand,397,506,578,719
frame_2469.jpg,386,453,hand,1,0,387,453
frame_2469.jpg,597,580,hand,682,0,1279,580
frame_2469.jpg,177,191,hand,713,510,890,701
frame_2469.jpg,170,188,hand,365,485,535,673
frame_2549.jpg,189,110,hand,634,327,823,437
frame_2549.jpg,152,96,hand,447,320,599,416
frame_2556.jpg,108,16,hand,893,702,1001,718
frame_2556.jpg,174,102,hand,627,325,801,427
frame_2556.jpg,147,99,hand,453,310,600,409
frame_2575.jpg,22,7,hand,314,712,336,719
frame_2575.jpg,137,20,hand,888,699,1025,719
frame_2575.jpg,160,114,hand,692,317,852,431
frame_2575.jpg,139,102,hand,440,283,579,385
frame_2609.jpg,33,21,hand,303,698,336,719
frame_2609.jpg,123,22,hand,879,697,1002,719
frame_2609.jpg,160,174,hand,712,339,872,513
frame_2609.jpg,163,162,hand,375,300,538,462
frame_2616.jpg,36,13,hand,307,706,343,719
frame_2616.jpg,128,20,hand,880,699,1008,719
frame_2616.jpg,164,176,hand,716,341,880,517
frame_2616.jpg,161,164,hand,381,302,542,466
frame_2617.jpg,41,10,hand,301,709,342,719
frame_2617.jpg,123,14,hand,886,705,1009,719
frame_2617.jpg,169,169,hand,712,345,881,514
frame_2617.jpg,160,170,hand,381,297,541,467
frame_2631.jpg,221,141,hand,212,578,433,719
frame_2631.jpg,174,116,hand,727,603,901,719
frame_2631.jpg,164,162,hand,709,347,873,509
frame_2631.jpg,170,167,hand,372,299,542,466
frame_2668.jpg,305,266,hand,201,453,506,719
frame_2668.jpg,275,196,hand,611,523,886,719
frame_2668.jpg,214,171,hand,574,306,788,477
frame_2668.jpg,148,170,hand,406,289,554,459
frame_0069.jpg,298,175,hand,162,543,460,718
frame_0069.jpg,199,202,hand,678,516,877,718
frame_0069.jpg,148,119,hand,754,264,902,383
frame_0069.jpg,167,207,hand,492,275,659,482
frame_0078.jpg,255,116,hand,16,601,271,717
frame_0078.jpg,186,56,hand,506,662,692,718
frame_0078.jpg,152,121,hand,753,274,905,395
frame_0078.jpg,144,201,hand,464,313,608,514
frame_0079.jpg,219,96,hand,14,621,233,717
frame_0079.jpg,164,45,hand,489,673,653,718
frame_0079.jpg,140,131,hand,733,281,873,412
frame_0079.jpg,146,201,hand,430,321,576,522
frame_0084.jpg,174,71,hand,10,643,184,714
frame_0084.jpg,223,85,hand,492,629,715,714
frame_0084.jpg,158,126,hand,659,313,817,439
frame_0084.jpg,133,173,hand,378,317,511,490
frame_0153.jpg,176,66,hand,243,651,419,717
frame_0153.jpg,308,165,hand,750,553,1058,718
frame_0153.jpg,161,131,hand,679,344,840,475
frame_0153.jpg,161,140,hand,403,324,564,464
frame_0197.jpg,115,45,hand,221,673,336,718
frame_0197.jpg,173,207,hand,552,439,725,646
frame_0197.jpg,180,152,hand,738,366,918,518
frame_0197.jpg,116,131,hand,522,288,638,419
frame_0201.jpg,47,11,hand,237,706,284,717
frame_0201.jpg,147,223,hand,523,452,670,675
frame_0201.jpg,194,147,hand,678,373,872,520
frame_0201.jpg,182,232,hand,333,296,515,528
frame_0305.jpg,152,60,hand,238,658,390,718
frame_0305.jpg,186,176,hand,668,450,854,626
frame_0305.jpg,167,136,hand,825,408,992,544
frame_0305.jpg,153,213,hand,473,367,626,580
frame_0309.jpg,227,51,hand,98,665,325,716
frame_0309.jpg,186,174,hand,766,481,952,655
frame_0309.jpg,174,137,hand,716,371,890,508
frame_0309.jpg,159,216,hand,373,332,532,548
frame_0337.jpg,267,124,hand,325,589,592,713
frame_0337.jpg,210,170,hand,792,485,1002,655
frame_0337.jpg,206,137,hand,573,373,779,510
frame_0337.jpg,155,194,hand,346,295,501,489
frame_0343.jpg,207,109,hand,389,609,596,718
frame_0343.jpg,207,193,hand,812,507,1019,700
frame_0343.jpg,197,140,hand,511,394,708,534
frame_0343.jpg,161,160,hand,327,342,488,502
frame_0346.jpg,218,70,hand,378,648,596,718
frame_0346.jpg,230,169,hand,799,549,1029,718
frame_0346.jpg,190,134,hand,488,413,678,547
frame_0346.jpg,160,160,hand,303,350,463,510
frame_0361.jpg,227,241,hand,426,469,653,710
frame_0361.jpg,216,130,hand,558,338,774,468
frame_0361.jpg,138,133,hand,447,247,585,380
frame_0369.jpg,228,236,hand,336,439,564,675
frame_0369.jpg,289,165,hand,659,553,948,718
frame_0369.jpg,213,128,hand,498,226,711,354
frame_0369.jpg,119,142,hand,272,186,391,328
frame_0373.jpg,262,272,hand,303,353,565,625
frame_0373.jpg,318,230,hand,620,486,938,716
frame_0373.jpg,212,128,hand,497,189,709,317
frame_0373.jpg,128,139,hand,255,144,383,283
frame_0385.jpg,85,18,hand,368,700,453,718
frame_0385.jpg,103,13,hand,680,705,783,718
frame_0385.jpg,185,133,hand,494,266,679,399
frame_0385.jpg,138,139,hand,332,245,470,384
frame_0412.jpg,243,43,hand,279,675,522,718
frame_0412.jpg,166,135,hand,494,317,660,452
frame_0412.jpg,152,141,hand,305,280,457,421
frame_0430.jpg,80,18,hand,338,700,418,718
frame_0430.jpg,127,24,hand,741,693,868,717
frame_0430.jpg,193,130,hand,477,279,670,409
frame_0430.jpg,139,133,hand,325,250,464,383
frame_0462.jpg,186,128,hand,428,363,614,491
frame_0462.jpg,179,185,hand,2,283,181,468
frame_0466.jpg,191,133,hand,440,361,631,494
frame_0466.jpg,176,188,hand,1,280,177,468
frame_0485.jpg,188,132,hand,513,378,701,510
frame_0485.jpg,145,156,hand,312,316,457,472
frame_0505.jpg,248,68,hand,180,648,428,716
frame_0505.jpg,206,134,hand,660,279,866,413
frame_0505.jpg,148,145,hand,497,255,645,400
frame_0511.jpg,239,102,hand,167,611,406,713
frame_0511.jpg,183,41,hand,757,675,940,716
frame_0511.jpg,202,114,hand,622,301,824,415
frame_0511.jpg,131,147,hand,477,272,608,419
frame_0514.jpg,273,153,hand,125,564,398,717
frame_0514.jpg,245,88,hand,637,630,882,718
frame_0514.jpg,203,118,hand,609,284,812,402
frame_0514.jpg,137,147,hand,456,247,593,394
frame_0561.jpg,145,35,hand,682,683,827,718
frame_0561.jpg,231,144,hand,333,287,564,431
frame_0561.jpg,142,193,hand,96,194,238,387
frame_0637.jpg,302,161,hand,109,555,411,716
frame_0637.jpg,297,220,hand,517,497,814,717
frame_0637.jpg,177,156,hand,662,206,839,362
frame_0637.jpg,164,247,hand,138,264,302,511
frame_0737.jpg,197,69,hand,250,648,447,717
frame_0737.jpg,128,27,hand,667,691,795,718
frame_0737.jpg,173,260,hand,637,321,810,581
frame_0737.jpg,191,268,hand,216,309,407,577
frame_0753.jpg,235,276,hand,808,363,1043,639
frame_0753.jpg,202,272,hand,262,384,464,656
frame_0780.jpg,241,172,hand,576,260,817,432
frame_0780.jpg,177,163,hand,361,227,538,390
frame_0809.jpg,299,212,hand,185,479,484,691
frame_0809.jpg,279,231,hand,876,486,1155,717
frame_0809.jpg,226,185,hand,482,308,708,493
frame_0809.jpg,143,203,hand,221,251,364,454
frame_0819.jpg,233,212,hand,387,506,620,718
frame_0819.jpg,218,155,hand,1060,563,1278,718
frame_0819.jpg,234,185,hand,602,351,836,536
frame_0819.jpg,141,205,hand,298,256,439,461
frame_0850.jpg,219,115,hand,238,603,457,718
frame_0850.jpg,275,211,hand,746,507,1021,718
frame_0850.jpg,225,180,hand,627,264,852,444
frame_0850.jpg,136,181,hand,229,289,365,470
frame_0874.jpg,247,83,hand,105,634,352,717
frame_0874.jpg,350,158,hand,808,560,1158,718
frame_0874.jpg,211,131,hand,737,245,948,376
frame_0874.jpg,140,153,hand,568,217,708,370
frame_0915.jpg,211,55,hand,1,659,212,714
frame_0915.jpg,186,253,hand,799,427,985,680
frame_0915.jpg,176,119,hand,616,309,792,428
frame_0915.jpg,161,169,hand,411,300,572,469
frame_0957.jpg,234,67,hand,292,651,526,718
frame_0957.jpg,206,110,hand,763,285,969,395
frame_0957.jpg,149,165,hand,513,204,662,369
frame_1005.jpg,379,178,hand,73,540,452,718
frame_1005.jpg,235,86,hand,539,631,774,717
frame_1005.jpg,207,117,hand,852,258,1059,375
frame_1005.jpg,146,178,hand,627,188,773,366
frame_1038.jpg,214,116,hand,589,460,803,576
frame_1038.jpg,167,157,hand,414,425,581,582
frame_1095.jpg,400,170,hand,73,547,473,717
frame_1095.jpg,295,89,hand,488,629,783,718
frame_1095.jpg,224,116,hand,811,255,1035,371
frame_1095.jpg,120,165,hand,621,147,741,312
frame_1139.jpg,273,112,hand,216,605,489,717
frame_1139.jpg,232,93,hand,596,625,828,718
frame_1139.jpg,198,102,hand,722,239,920,341
frame_1139.jpg,140,136,hand,544,188,684,324
frame_1184.jpg,249,145,hand,810,572,1059,717
frame_1184.jpg,201,173,hand,494,391,695,564
frame_1184.jpg,167,182,hand,296,350,463,532
frame_1199.jpg,278,209,hand,528,507,806,716
frame_1199.jpg,165,238,hand,778,321,943,559
frame_1199.jpg,125,203,hand,212,307,337,510
frame_1211.jpg,192,142,hand,3,576,195,718
frame_1211.jpg,192,195,hand,397,523,589,718
frame_1211.jpg,182,177,hand,605,342,787,519
frame_1211.jpg,161,202,hand,315,313,476,515
frame_1223.jpg,212,58,hand,216,659,428,717
frame_1223.jpg,215,140,hand,794,578,1009,718
frame_1223.jpg,161,141,hand,659,295,820,436
frame_1223.jpg,203,128,hand,422,312,625,440
frame_1233.jpg,212,210,hand,269,499,481,709
frame_1233.jpg,253,120,hand,984,596,1237,716
frame_1233.jpg,185,123,hand,791,316,976,439
frame_1233.jpg,123,136,hand,547,288,670,424
frame_1237.jpg,184,171,hand,246,440,430,611
frame_1237.jpg,287,124,hand,912,594,1199,718
frame_1237.jpg,197,128,hand,774,317,971,445
frame_1237.jpg,147,151,hand,525,268,672,419
frame_1255.jpg,231,212,hand,220,475,451,687
frame_1255.jpg,231,132,hand,1048,585,1279,717
frame_1255.jpg,209,161,hand,828,281,1037,442
frame_1255.jpg,179,166,hand,521,243,700,409
frame_1263.jpg,308,239,hand,49,479,357,718
frame_1263.jpg,235,149,hand,1043,568,1278,717
frame_1263.jpg,223,309,hand,828,409,1051,718
frame_1263.jpg,132,189,hand,399,264,531,453
frame_1275.jpg,229,236,hand,5,477,234,713
frame_1275.jpg,272,182,hand,914,536,1186,718
frame_1275.jpg,212,259,hand,678,403,890,662
frame_1275.jpg,132,177,hand,242,247,374,424
frame_1387.jpg,234,57,hand,188,660,422,717
frame_1387.jpg,223,108,hand,922,424,1145,532
frame_1387.jpg,148,154,hand,726,349,874,503
frame_1421.jpg,263,215,hand,591,501,854,716
frame_1421.jpg,183,143,hand,689,326,872,469
frame_1421.jpg,132,134,hand,490,270,622,404
frame_1462.jpg,289,271,hand,589,437,878,708
frame_1462.jpg,176,125,hand,496,205,672,330
frame_1462.jpg,138,150,hand,247,183,385,333
frame_1472.jpg,251,275,hand,729,435,980,710
frame_1472.jpg,164,120,hand,584,250,748,370
frame_1472.jpg,144,149,hand,381,185,525,334
frame_1480.jpg,210,41,hand,156,676,366,717
frame_1480.jpg,310,175,hand,880,543,1190,718
frame_1480.jpg,185,154,hand,774,291,959,445
frame_1480.jpg,147,158,hand,511,213,658,371
frame_1492.jpg,175,104,hand,167,614,342,718
frame_1492.jpg,263,126,hand,907,592,1170,718
frame_1492.jpg,210,204,hand,920,345,1130,549
frame_1492.jpg,147,170,hand,575,208,722,378
frame_1497.jpg,217,122,hand,183,596,400,718
frame_1497.jpg,312,149,hand,967,569,1279,718
frame_1497.jpg,200,202,hand,967,317,1167,519
frame_1497.jpg,169,113,hand,594,229,763,342
frame_1519.jpg,300,161,hand,228,556,528,717
frame_1519.jpg,271,176,hand,725,540,996,716
frame_1519.jpg,205,179,hand,583,322,788,501
frame_1519.jpg,169,209,hand,204,325,373,534
frame_1541.jpg,323,215,hand,151,503,474,718
frame_1541.jpg,271,172,hand,647,545,918,717
frame_1541.jpg,217,136,hand,393,284,610,420
frame_1541.jpg,144,160,hand,88,160,232,320
frame_1606.jpg,195,151,hand,274,567,469,718
frame_1606.jpg,176,128,hand,368,267,544,395
frame_1606.jpg,175,172,hand,1,280,176,452
frame_1619.jpg,341,204,hand,1,510,342,714
frame_1619.jpg,267,210,hand,528,506,795,716
frame_1619.jpg,197,112,hand,375,316,572,428
frame_1619.jpg,114,213,hand,1,291,115,504
frame_1640.jpg,310,173,hand,213,544,523,717
frame_1640.jpg,252,302,hand,721,411,973,713
frame_1640.jpg,204,118,hand,295,293,499,411
frame_1640.jpg,157,162,hand,97,279,254,441
frame_1689.jpg,326,157,hand,323,560,649,717
frame_1689.jpg,217,114,hand,630,603,847,717
frame_1689.jpg,174,116,hand,394,296,568,412
frame_1689.jpg,170,216,hand,59,254,229,470
frame_1711.jpg,269,157,hand,624,560,893,717
frame_1711.jpg,207,117,hand,393,419,600,536
frame_1711.jpg,144,153,hand,217,369,361,522
frame_1723.jpg,152,35,hand,543,681,695,716
frame_1723.jpg,240,174,hand,711,428,951,602
frame_1723.jpg,204,173,hand,503,366,707,539
frame_1723.jpg,194,212,hand,249,322,443,534
frame_1761.jpg,241,195,hand,664,514,905,709
frame_1761.jpg,200,134,hand,296,308,496,442
frame_1761.jpg,135,157,hand,159,268,294,425
frame_1782.jpg,246,208,hand,645,502,891,710
frame_1782.jpg,195,162,hand,370,311,565,473
frame_1782.jpg,180,165,hand,48,285,228,450
frame_1791.jpg,260,201,hand,712,450,972,651
frame_1791.jpg,198,139,hand,440,267,638,406
frame_1791.jpg,161,189,hand,177,214,338,403
frame_1816.jpg,261,173,hand,459,539,720,712
frame_1816.jpg,240,207,hand,692,342,932,549
frame_1816.jpg,236,172,hand,403,219,639,391
frame_1816.jpg,161,261,hand,7,250,168,511
frame_1831.jpg,268,297,hand,224,378,492,675
frame_1831.jpg,262,309,hand,610,349,872,658
frame_1831.jpg,230,102,hand,452,297,682,399
frame_1831.jpg,149,223,hand,51,177,200,400
frame_1832.jpg,271,298,hand,236,367,507,665
frame_1832.jpg,278,308,hand,620,361,898,669
frame_1832.jpg,223,130,hand,451,297,674,427
frame_1832.jpg,159,227,hand,63,180,222,407
frame_1863.jpg,252,120,hand,299,597,551,717
frame_1863.jpg,223,153,hand,733,564,956,717
frame_1863.jpg,212,160,hand,441,379,653,539
frame_1863.jpg,170,170,hand,137,334,307,504
frame_1892.jpg,143,43,hand,246,675,389,718
frame_1892.jpg,213,202,hand,693,516,906,718
frame_1892.jpg,250,165,hand,234,415,484,580
frame_1892.jpg,145,217,hand,1,301,146,518
frame_1899.jpg,263,78,hand,97,640,360,718
frame_1899.jpg,229,174,hand,222,382,451,556
frame_1899.jpg,162,203,hand,1,280,163,483
frame_1916.jpg,179,108,hand,1,609,180,717
frame_1916.jpg,212,56,hand,550,662,762,718
frame_1916.jpg,203,164,hand,324,392,527,556
frame_1916.jpg,108,188,hand,1,340,109,528
frame_1947.jpg,256,111,hand,164,606,420,717
frame_1947.jpg,226,196,hand,725,518,951,714
frame_1947.jpg,177,164,hand,441,351,618,515
frame_1947.jpg,205,187,hand,184,413,389,600
frame_1972.jpg,351,152,hand,369,565,720,717
frame_1972.jpg,177,178,hand,721,341,898,519
frame_1972.jpg,181,169,hand,474,217,655,386
frame_1972.jpg,278,200,hand,162,262,440,462
frame_2023.jpg,308,136,hand,400,582,708,718
frame_2023.jpg,193,177,hand,692,415,885,592
frame_2023.jpg,265,262,hand,290,344,555,606
frame_2023.jpg,123,273,hand,2,296,125,569
frame_2088.jpg,184,156,hand,381,486,565,642
frame_2088.jpg,224,172,hand,691,545,915,717
frame_2088.jpg,212,153,hand,656,353,868,506
frame_2088.jpg,151,185,hand,469,296,620,481
frame_2094.jpg,246,175,hand,315,508,561,683
frame_2094.jpg,233,170,hand,686,547,919,717
frame_2094.jpg,225,145,hand,635,359,860,504
frame_2094.jpg,164,176,hand,461,307,625,483
frame_2118.jpg,245,176,hand,313,450,558,626
frame_2118.jpg,214,184,hand,697,534,911,718
frame_2118.jpg,242,144,hand,573,338,815,482
frame_2118.jpg,169,199,hand,242,316,411,515
frame_2144.jpg,226,206,hand,354,508,580,714
frame_2144.jpg,255,192,hand,754,526,1009,718
frame_2144.jpg,222,211,hand,370,386,592,597
frame_2144.jpg,141,189,hand,170,267,311,456
frame_2149.jpg,226,215,hand,374,503,600,718
frame_2149.jpg,259,172,hand,766,541,1025,713
frame_2149.jpg,176,161,hand,445,369,621,530
frame_2149.jpg,141,175,hand,229,266,370,441
frame_2158.jpg,262,287,hand,368,419,630,706
frame_2158.jpg,277,245,hand,663,473,940,718
frame_2158.jpg,211,150,hand,422,344,633,494
frame_2158.jpg,127,152,hand,263,296,390,448
frame_2162.jpg,273,244,hand,373,433,646,677
frame_2162.jpg,256,221,hand,655,497,911,718
frame_2162.jpg,194,85,hand,482,376,676,461
frame_2162.jpg,174,206,hand,176,355,350,561
frame_2169.jpg,328,243,hand,156,424,484,667
frame_2169.jpg,216,309,hand,744,387,960,696
frame_2169.jpg,149,141,hand,451,370,600,511
frame_2169.jpg,136,204,hand,67,332,203,536
frame_2176.jpg,186,244,hand,1,474,187,718
frame_2176.jpg,273,316,hand,947,252,1220,568
frame_2176.jpg,303,197,hand,195,346,498,543
frame_2176.jpg,173,159,hand,60,210,233,369
frame_2189.jpg,279,175,hand,371,543,650,718
frame_2189.jpg,193,225,hand,847,493,1040,718
frame_2189.jpg,229,119,hand,371,376,600,495
frame_2189.jpg,153,162,hand,183,311,336,473
frame_2226.jpg,299,182,hand,261,469,560,651
frame_2226.jpg,182,266,hand,725,413,907,679
frame_2226.jpg,247,112,hand,321,337,568,449
frame_2226.jpg,166,171,hand,130,281,296,452
frame_2275.jpg,222,95,hand,180,622,402,717
frame_2275.jpg,274,194,hand,720,512,994,706
frame_2275.jpg,251,124,hand,626,416,877,540
frame_2275.jpg,181,219,hand,431,361,612,580
frame_2305.jpg,240,204,hand,374,473,614,677
frame_2305.jpg,212,263,hand,704,453,916,716
frame_2305.jpg,275,114,hand,759,376,1034,490
frame_2305.jpg,154,183,hand,559,291,713,474
frame_2327.jpg,300,227,hand,287,490,587,717
frame_2327.jpg,212,233,hand,649,450,861,683
frame_2327.jpg,259,128,hand,729,287,988,415
frame_2327.jpg,175,212,hand,332,229,507,441
frame_2418.jpg,258,72,hand,352,646,610,718
frame_2418.jpg,207,191,hand,678,526,885,717
frame_2418.jpg,194,153,hand,796,344,990,497
frame_2418.jpg,160,149,hand,539,275,699,424
frame_2432.jpg,222,70,hand,531,648,753,718
frame_2432.jpg,263,161,hand,787,555,1050,716
frame_2432.jpg,225,223,hand,1029,391,1254,614
frame_2432.jpg,207,202,hand,721,357,928,559
frame_2481.jpg,167,140,hand,38,330,205,470
frame_2481.jpg,288,59,hand,478,659,766,718
frame_2481.jpg,258,209,hand,653,264,911,473
frame_2481.jpg,207,246,hand,385,266,592,512
frame_2507.jpg,155,269,hand,1,429,156,698
frame_2507.jpg,243,224,hand,759,490,1002,714
frame_2507.jpg,210,188,hand,630,396,840,584
frame_2507.jpg,163,246,hand,371,369,534,615
frame_2525.jpg,265,202,hand,39,516,304,718
frame_2525.jpg,212,207,hand,602,507,814,714
frame_2525.jpg,208,202,hand,835,436,1043,638
frame_2525.jpg,153,150,hand,567,391,720,541
frame_2545.jpg,229,243,hand,292,475,521,718
frame_2545.jpg,175,237,hand,664,472,839,709
frame_2545.jpg,215,189,hand,1064,420,1279,609
frame_2545.jpg,184,285,hand,725,321,909,606
frame_2547.jpg,231,247,hand,286,470,517,717
frame_2547.jpg,173,229,hand,654,475,827,704
frame_2547.jpg,208,185,hand,1071,411,1279,596
frame_2547.jpg,177,273,hand,728,309,905,582
frame_2559.jpg,222,259,hand,247,428,469,687
frame_2559.jpg,233,264,hand,565,420,798,684
frame_2559.jpg,228,182,hand,984,336,1212,518
frame_2559.jpg,143,162,hand,391,135,534,297
frame_2573.jpg,174,244,hand,267,473,441,717
frame_2573.jpg,223,223,hand,571,479,794,702
frame_2573.jpg,233,184,hand,949,355,1182,539
frame_2573.jpg,128,187,hand,365,168,493,355
frame_2576.jpg,218,223,hand,254,495,472,718
frame_2576.jpg,219,224,hand,572,494,791,718
frame_2576.jpg,222,163,hand,907,334,1129,497
frame_2576.jpg,153,184,hand,436,198,589,382
frame_0009.jpg,158,112,hand,605,403,763,515
frame_0009.jpg,116,125,hand,368,395,484,520
frame_0050.jpg,225,57,hand,300,660,525,717
frame_0050.jpg,187,54,hand,596,664,783,718
frame_0050.jpg,167,130,hand,591,303,758,433
frame_0050.jpg,201,207,hand,243,272,444,479
frame_0100.jpg,201,44,hand,155,673,356,717
frame_0100.jpg,247,114,hand,828,603,1075,717
frame_0100.jpg,173,193,hand,750,271,923,464
frame_0100.jpg,195,189,hand,389,213,584,402
frame_0105.jpg,251,103,hand,572,613,823,716
frame_0105.jpg,171,183,hand,705,246,876,429
frame_0105.jpg,191,187,hand,373,192,564,379
frame_0151.jpg,198,155,hand,452,204,650,359
frame_0151.jpg,172,172,hand,250,185,422,357
frame_0155.jpg,190,173,hand,498,201,688,374
frame_0155.jpg,175,156,hand,298,198,473,354
frame_0165.jpg,273,142,hand,216,576,489,718
frame_0165.jpg,306,151,hand,514,567,820,718
frame_0165.jpg,189,163,hand,530,266,719,429
frame_0165.jpg,169,145,hand,323,268,492,413
frame_0186.jpg,272,100,hand,148,618,420,718
frame_0186.jpg,215,211,hand,505,431,720,642
frame_0186.jpg,206,177,hand,560,242,766,419
frame_0186.jpg,209,170,hand,352,221,561,391
frame_0205.jpg,331,160,hand,31,552,362,712
frame_0205.jpg,153,178,hand,522,188,675,366
frame_0205.jpg,202,209,hand,185,227,387,436
frame_0248.jpg,236,299,hand,448,155,684,454
frame_0248.jpg,91,275,hand,3,65,94,340
frame_0251.jpg,260,327,hand,320,164,580,491
frame_0251.jpg,86,258,hand,3,84,89,342
frame_0260.jpg,226,268,hand,561,157,787,425
frame_0260.jpg,223,366,hand,212,212,435,578
frame_0296.jpg,286,186,hand,522,532,808,718
frame_0296.jpg,168,230,hand,737,243,905,473
frame_0296.jpg,224,248,hand,406,222,630,470
frame_0359.jpg,243,69,hand,650,648,893,717
frame_0359.jpg,175,272,hand,493,45,668,317
frame_0359.jpg,288,320,hand,47,76,335,396
frame_0361.jpg,210,54,hand,659,664,869,718
frame_0361.jpg,174,289,hand,463,37,637,326
frame_0361.jpg,280,320,hand,2,55,282,375
frame_0365.jpg,197,79,hand,741,638,938,717
frame_0365.jpg,159,263,hand,360,37,519,300
frame_0365.jpg,108,239,hand,1,93,109,332
frame_0372.jpg,251,198,hand,122,0,373,198
frame_0372.jpg,121,198,hand,2,18,123,216
frame_0384.jpg,174,121,hand,283,2,457,123
frame_0384.jpg,141,160,hand,3,0,144,160
frame_0420.jpg,174,138,hand,613,0,787,138
frame_0420.jpg,160,113,hand,168,2,328,115
frame_0447.jpg,142,17,hand,84,697,226,714
frame_0447.jpg,226,239,hand,404,16,630,255
frame_0447.jpg,245,290,hand,30,72,275,362
frame_0449.jpg,162,23,hand,71,695,233,718
frame_0449.jpg,226,226,hand,412,8,638,234
frame_0449.jpg,239,291,hand,2,37,241,328
frame_0453.jpg,216,240,hand,435,16,651,256
frame_0453.jpg,165,244,hand,1,4,166,248
frame_0518.jpg,282,118,hand,151,0,433,118
frame_0518.jpg,143,126,hand,3,0,146,126
frame_0534.jpg,236,96,hand,133,3,369,99
frame_0534.jpg,124,89,hand,6,4,130,93
frame_0540.jpg,229,109,hand,199,2,428,111
frame_0540.jpg,179,109,hand,16,0,195,109
frame_0576.jpg,317,136,hand,655,581,972,717
frame_0576.jpg,215,285,hand,240,10,455,295
frame_0576.jpg,174,228,hand,1,3,175,231
frame_0589.jpg,186,132,hand,399,2,585,134
frame_0657.jpg,154,196,hand,509,2,663,198
frame_0657.jpg,272,216,hand,47,0,319,216
frame_0681.jpg,300,155,hand,177,2,477,157
frame_0681.jpg,47,175,hand,2,72,49,247
frame_0711.jpg,233,190,hand,676,84,909,274
frame_0711.jpg,254,289,hand,373,102,627,391
frame_0745.jpg,254,223,hand,1,2,255,225
frame_0756.jpg,253,185,hand,1,0,254,185
frame_0785.jpg,235,198,hand,572,111,807,309
frame_0785.jpg,249,277,hand,27,165,276,442
frame_0796.jpg,233,186,hand,328,136,561,322
frame_0804.jpg,314,88,hand,781,626,1095,714
frame_0804.jpg,242,178,hand,199,156,441,334
frame_0827.jpg,379,231,hand,32,486,411,717
frame_0827.jpg,276,255,hand,470,404,746,659
frame_0827.jpg,161,232,hand,606,163,767,395
frame_0827.jpg,229,239,hand,22,202,251,441
frame_0845.jpg,375,166,hand,3,552,378,718
frame_0845.jpg,286,147,hand,583,570,869,717
frame_0845.jpg,169,224,hand,613,229,782,453
frame_0845.jpg,227,241,hand,139,250,366,491
frame_0856.jpg,311,129,hand,1,588,312,717
frame_0856.jpg,298,122,hand,633,596,931,718
frame_0856.jpg,161,226,hand,618,197,779,423
frame_0856.jpg,335,222,hand,535,345,870,567
frame_0860.jpg,297,95,hand,6,623,303,718
frame_0860.jpg,317,141,hand,668,577,985,718
frame_0860.jpg,162,212,hand,654,201,816,413
frame_0860.jpg,335,214,hand,572,342,907,556
frame_0899.jpg,238,75,hand,2,643,240,718
frame_0899.jpg,157,223,hand,740,113,897,336
frame_0899.jpg,285,216,hand,459,164,744,380
frame_0900.jpg,200,79,hand,5,639,205,718
frame_0900.jpg,144,207,hand,700,114,844,321
frame_0900.jpg,303,210,hand,377,139,680,349
frame_0940.jpg,365,189,hand,154,527,519,716
frame_0940.jpg,188,42,hand,618,675,806,717
frame_0940.jpg,167,162,hand,265,86,432,248
frame_0983.jpg,329,123,hand,618,593,947,716
frame_0983.jpg,164,192,hand,626,204,790,396
frame_0983.jpg,271,318,hand,32,245,303,563
frame_1008.jpg,466,114,hand,556,603,1022,717
frame_1008.jpg,158,200,hand,624,260,782,460
frame_1008.jpg,250,243,hand,92,475,342,718
frame_1038.jpg,364,207,hand,183,510,547,717
frame_1038.jpg,172,241,hand,642,465,814,706
frame_1038.jpg,206,173,hand,522,279,728,452
frame_1038.jpg,61,216,hand,2,501,63,717
frame_1070.jpg,359,268,hand,214,441,573,709
frame_1070.jpg,188,213,hand,662,416,850,629
frame_1070.jpg,153,64,hand,705,376,858,440
frame_1070.jpg,292,217,hand,606,198,898,415
frame_1076.jpg,339,268,hand,229,433,568,701
frame_1076.jpg,192,227,hand,645,427,837,654
frame_1076.jpg,48,73,hand,697,358,745,431
frame_1076.jpg,278,269,hand,691,239,969,508
frame_1090.jpg,339,259,hand,133,437,472,696
frame_1090.jpg,177,226,hand,614,442,791,668
frame_1090.jpg,128,156,hand,684,312,812,468
frame_1090.jpg,161,309,hand,807,243,968,552
frame_1108.jpg,318,253,hand,175,412,493,665
frame_1108.jpg,242,256,hand,572,419,814,675
frame_1108.jpg,43,78,hand,707,351,750,429
frame_1108.jpg,215,351,hand,757,288,972,639
frame_1116.jpg,323,257,hand,188,415,511,672
frame_1116.jpg,245,226,hand,546,433,791,659
frame_1116.jpg,50,96,hand,717,354,767,450
frame_1116.jpg,230,328,hand,745,301,975,629
frame_1118.jpg,337,250,hand,176,421,513,671
frame_1118.jpg,250,232,hand,550,431,800,663
frame_1118.jpg,149,133,hand,740,241,889,374
frame_1118.jpg,231,322,hand,741,313,972,635
frame_1197.jpg,415,281,hand,3,435,418,716
frame_1197.jpg,327,136,hand,691,582,1018,718
frame_1197.jpg,180,219,hand,705,36,885,255
frame_1197.jpg,280,190,hand,375,58,655,248
frame_1200.jpg,232,198,hand,1,518,233,716
frame_1200.jpg,291,71,hand,612,647,903,718
frame_1200.jpg,180,238,hand,740,10,920,248
frame_1200.jpg,260,203,hand,412,52,672,255
frame_1244.jpg,330,268,hand,1,450,331,718
frame_1244.jpg,360,112,hand,521,606,881,718
frame_1244.jpg,199,114,hand,736,0,935,114
frame_1244.jpg,256,125,hand,447,3,703,128
frame_1257.jpg,352,338,hand,5,378,357,716
frame_1257.jpg,390,148,hand,565,570,955,718
frame_1257.jpg,239,144,hand,786,3,1025,147
frame_1257.jpg,262,144,hand,513,3,775,147
frame_1313.jpg,116,245,hand,3,415,119,660
frame_1313.jpg,182,40,hand,824,677,1006,717
frame_1313.jpg,156,234,hand,964,77,1120,311
frame_1313.jpg,329,333,hand,787,214,1116,547
frame_1315.jpg,89,231,hand,1,423,90,654
frame_1315.jpg,269,64,hand,769,654,1038,718
frame_1315.jpg,166,213,hand,918,103,1084,316
frame_1315.jpg,386,315,hand,724,200,1110,515
frame_1380.jpg,91,29,hand,761,689,852,718
frame_1380.jpg,222,235,hand,700,101,922,336
frame_1380.jpg,181,202,hand,222,135,403,337
frame_1403.jpg,304,118,hand,663,600,967,718
frame_1403.jpg,222,220,hand,346,135,568,355
frame_1403.jpg,274,217,hand,10,185,284,402
frame_1409.jpg,327,179,hand,633,534,960,713
frame_1409.jpg,216,244,hand,444,185,660,429
frame_1409.jpg,279,236,hand,96,254,375,490
frame_1435.jpg,392,221,hand,535,495,927,716
frame_1435.jpg,136,289,hand,736,167,872,456
frame_1435.jpg,289,228,hand,176,183,465,411
frame_1452.jpg,239,35,hand,171,679,410,714
frame_1452.jpg,274,111,hand,573,607,847,718
frame_1452.jpg,136,301,hand,712,132,848,433
frame_1452.jpg,324,186,hand,338,172,662,358
frame_1460.jpg,274,34,hand,179,684,453,718
frame_1460.jpg,288,144,hand,564,574,852,718
frame_1460.jpg,177,280,hand,701,160,878,440
frame_1460.jpg,302,172,hand,357,177,659,349
frame_1468.jpg,301,34,hand,204,684,505,718
frame_1468.jpg,311,112,hand,601,606,912,718
frame_1468.jpg,177,304,hand,728,117,905,421
frame_1468.jpg,308,174,hand,385,163,693,337
frame_1490.jpg,258,54,hand,207,664,465,718
frame_1490.jpg,251,73,hand,585,644,836,717
frame_1490.jpg,156,261,hand,712,113,868,374
frame_1490.jpg,328,194,hand,365,128,693,322
frame_1532.jpg,157,249,hand,728,139,885,388
frame_1532.jpg,189,311,hand,131,289,320,600
frame_1626.jpg,231,362,hand,668,336,899,698
frame_1626.jpg,244,400,hand,110,318,354,718
frame_1660.jpg,263,66,hand,783,652,1046,718
frame_1660.jpg,224,353,hand,588,357,812,710
frame_1660.jpg,266,128,hand,350,588,616,716
frame_1663.jpg,270,75,hand,773,643,1043,718
frame_1663.jpg,214,326,hand,593,369,807,695
frame_1663.jpg,246,123,hand,366,593,612,716
frame_1694.jpg,292,156,hand,601,561,893,717
frame_1694.jpg,231,306,hand,377,292,608,598
frame_1694.jpg,360,130,hand,40,588,400,718
frame_1700.jpg,223,54,hand,348,664,571,718
frame_1700.jpg,286,146,hand,596,572,882,718
frame_1700.jpg,214,301,hand,378,312,592,613
frame_1700.jpg,324,146,hand,51,572,375,718
frame_1784.jpg,144,135,hand,3,582,147,717
frame_1784.jpg,384,254,hand,679,464,1063,718
frame_1784.jpg,202,180,hand,630,270,832,450
frame_1784.jpg,271,278,hand,368,440,639,718
frame_1807.jpg,289,116,hand,700,602,989,718
frame_1807.jpg,195,187,hand,560,303,755,490
frame_1807.jpg,272,359,hand,30,357,302,716
frame_1834.jpg,323,151,hand,494,567,817,718
frame_1834.jpg,200,216,hand,567,248,767,464
frame_1841.jpg,339,150,hand,494,568,833,718
frame_1841.jpg,203,205,hand,564,264,767,469
frame_1841.jpg,102,144,hand,3,551,105,695
frame_1901.jpg,269,117,hand,267,600,536,717
frame_1901.jpg,257,177,hand,613,540,870,717
frame_1901.jpg,184,223,hand,453,208,637,431
frame_1906.jpg,283,124,hand,230,594,513,718
frame_1906.jpg,279,197,hand,587,520,866,717
frame_1906.jpg,177,204,hand,439,213,616,417
frame_1927.jpg,300,144,hand,226,574,526,718
frame_1927.jpg,312,99,hand,680,619,992,718
frame_1927.jpg,178,221,hand,463,186,641,407
frame_2025.jpg,322,215,hand,272,390,594,605
frame_2025.jpg,254,219,hand,759,499,1013,718
frame_2025.jpg,231,252,hand,1,362,232,614
frame_2064.jpg,224,372,hand,1,346,225,718
frame_2066.jpg,223,384,hand,2,330,225,714
frame_2070.jpg,223,396,hand,1,316,224,712
frame_2097.jpg,197,371,hand,441,251,638,622
frame_2097.jpg,147,310,hand,1,408,148,718
frame_2120.jpg,192,367,hand,486,284,678,651
frame_2120.jpg,401,357,hand,101,361,502,718
frame_2136.jpg,307,82,hand,635,636,942,718
frame_2136.jpg,161,397,hand,514,270,675,667
frame_2136.jpg,406,335,hand,109,383,515,718
frame_2246.jpg,165,97,hand,630,621,795,718
frame_2246.jpg,239,274,hand,452,252,691,526
frame_2246.jpg,306,377,hand,2,333,308,710
frame_2313.jpg,255,281,hand,353,259,608,540
frame_2313.jpg,201,397,hand,2,320,203,717
frame_2314.jpg,300,99,hand,638,619,938,718
frame_2314.jpg,251,264,hand,349,276,600,540
frame_2314.jpg,200,390,hand,1,328,201,718
frame_2328.jpg,209,95,hand,366,623,575,718
frame_2328.jpg,248,222,hand,664,495,912,717
frame_2328.jpg,247,301,hand,320,255,567,556
frame_2328.jpg,202,409,hand,1,305,203,714
frame_2334.jpg,214,122,hand,375,596,589,718
frame_2334.jpg,243,231,hand,680,487,923,718
frame_2334.jpg,267,303,hand,305,234,572,537
frame_2334.jpg,204,392,hand,1,322,205,714
frame_2375.jpg,227,138,hand,390,580,617,718
frame_2375.jpg,239,168,hand,614,549,853,717
frame_2375.jpg,230,281,hand,428,238,658,519
frame_2375.jpg,293,357,hand,27,361,320,718
frame_2429.jpg,198,189,hand,730,527,928,716
frame_2429.jpg,197,250,hand,647,225,844,475
frame_2429.jpg,224,262,hand,68,242,292,504
frame_2432.jpg,298,203,hand,543,515,841,718
frame_2432.jpg,215,201,hand,620,218,835,419
frame_2432.jpg,248,239,hand,36,222,284,461
frame_2473.jpg,110,149,hand,13,563,123,712
frame_2473.jpg,261,207,hand,794,506,1055,713
frame_2473.jpg,242,60,hand,616,4,858,64
frame_2473.jpg,211,70,hand,172,2,383,72
frame_2485.jpg,176,366,hand,1,175,177,541
frame_2485.jpg,529,524,hand,543,6,1072,530
frame_2485.jpg,236,78,hand,155,4,391,82
frame_2623.jpg,159,151,hand,719,309,878,460
frame_2623.jpg,153,170,hand,275,344,428,514
frame_2629.jpg,154,169,hand,700,295,854,464
frame_2629.jpg,166,208,hand,332,355,498,563
frame_2656.jpg,198,239,hand,538,411,736,650
frame_2656.jpg,219,247,hand,263,433,482,680
frame_2681.jpg,240,240,hand,651,308,891,548
frame_2681.jpg,214,280,hand,192,316,406,596
frame_0049.jpg,333,241,hand,639,443,972,684
frame_0049.jpg,194,165,hand,472,184,666,349
frame_0049.jpg,225,210,hand,160,188,385,398
frame_0082.jpg,377,254,hand,548,464,925,718
frame_0082.jpg,129,218,hand,768,57,897,275
frame_0082.jpg,203,171,hand,404,104,607,275
frame_0087.jpg,348,282,hand,624,436,972,718
frame_0087.jpg,146,224,hand,777,87,923,311
frame_0087.jpg,240,185,hand,380,99,620,284
frame_0092.jpg,405,220,hand,603,498,1008,718
frame_0092.jpg,188,227,hand,758,116,946,343
frame_0092.jpg,238,291,hand,219,150,457,441
frame_0108.jpg,287,78,hand,26,640,313,718
frame_0108.jpg,244,315,hand,717,193,961,508
frame_0108.jpg,284,233,hand,65,142,349,375
frame_0151.jpg,288,104,hand,1,614,289,718
frame_0151.jpg,149,27,hand,592,691,741,718
frame_0151.jpg,182,170,hand,654,40,836,210
frame_0151.jpg,295,223,hand,124,25,419,248
frame_0184.jpg,356,123,hand,226,595,582,718
frame_0184.jpg,292,104,hand,762,614,1054,718
frame_0184.jpg,175,248,hand,561,125,736,373
frame_0184.jpg,212,193,hand,160,108,372,301
frame_0220.jpg,290,55,hand,67,663,357,718
frame_0220.jpg,369,290,hand,537,428,906,718
frame_0220.jpg,221,210,hand,660,97,881,307
frame_0220.jpg,252,327,hand,251,241,503,568
frame_0243.jpg,411,133,hand,12,585,423,718
frame_0243.jpg,272,85,hand,520,633,792,718
frame_0243.jpg,306,384,hand,948,258,1254,642
frame_0243.jpg,193,207,hand,404,53,597,260
frame_0260.jpg,348,93,hand,22,625,370,718
frame_0260.jpg,295,104,hand,611,614,906,718
frame_0260.jpg,244,299,hand,908,243,1152,542
frame_0260.jpg,191,191,hand,306,78,497,269
frame_0280.jpg,358,265,hand,1,453,359,718
frame_0280.jpg,413,250,hand,442,468,855,718
frame_0280.jpg,146,36,hand,785,0,931,36
frame_0323.jpg,223,44,hand,79,674,302,718
frame_0323.jpg,245,210,hand,474,190,719,400
frame_0323.jpg,303,291,hand,1,258,304,549
frame_0363.jpg,275,76,hand,88,642,363,718
frame_0363.jpg,233,320,hand,325,186,558,506
frame_0363.jpg,204,178,hand,128,55,332,233
frame_0457.jpg,263,133,hand,601,585,864,718
frame_0457.jpg,242,187,hand,1,114,243,301
frame_0469.jpg,246,42,hand,39,676,285,718
frame_0469.jpg,305,237,hand,811,481,1116,718
frame_0469.jpg,256,178,hand,171,97,427,275
frame_0469.jpg,114,176,hand,1,99,115,275
frame_0499.jpg,392,95,hand,35,623,427,718
frame_0499.jpg,306,148,hand,522,570,828,718
frame_0499.jpg,261,163,hand,319,0,580,163
frame_0499.jpg,184,184,hand,1,0,185,184
frame_0521.jpg,180,169,hand,414,176,594,345
frame_0521.jpg,225,216,hand,141,165,366,381
frame_0540.jpg,403,176,hand,58,542,461,718
frame_0540.jpg,212,182,hand,522,335,734,517
frame_0540.jpg,246,227,hand,300,237,546,464
frame_0540.jpg,134,161,hand,1,148,135,309
frame_0542.jpg,428,210,hand,14,508,442,718
frame_0542.jpg,218,200,hand,537,315,755,515
frame_0542.jpg,244,229,hand,308,231,552,460
frame_0542.jpg,146,155,hand,1,127,147,282
frame_0553.jpg,326,74,hand,177,644,503,718
frame_0553.jpg,308,328,hand,611,248,919,576
frame_0553.jpg,216,157,hand,313,150,529,307
frame_0553.jpg,163,166,hand,101,82,264,248
frame_0554.jpg,341,74,hand,164,644,505,718
frame_0554.jpg,354,344,hand,609,275,963,619
frame_0554.jpg,219,149,hand,308,135,527,284
frame_0554.jpg,163,169,hand,99,74,262,243
frame_0589.jpg,498,193,hand,3,525,501,718
frame_0589.jpg,421,178,hand,508,540,929,718
frame_0589.jpg,261,148,hand,147,0,408,148
frame_0589.jpg,57,135,hand,1,0,58,135
frame_0630.jpg,216,199,hand,1,519,217,718
frame_0630.jpg,237,203,hand,599,282,836,485
frame_0630.jpg,189,205,hand,465,140,654,345
frame_0630.jpg,216,237,hand,111,70,327,307
frame_0631.jpg,204,197,hand,1,521,205,718
frame_0631.jpg,235,206,hand,603,279,838,485
frame_0631.jpg,195,207,hand,455,140,650,347
frame_0631.jpg,227,222,hand,111,70,338,292
frame_0661.jpg,437,193,hand,1,525,438,718
frame_0661.jpg,352,163,hand,537,555,889,718
frame_0661.jpg,189,168,hand,448,6,637,174
frame_0695.jpg,403,267,hand,3,451,406,718
frame_0695.jpg,451,318,hand,514,400,965,718
frame_0695.jpg,193,131,hand,416,0,609,131
frame_0695.jpg,55,29,hand,39,0,94,29
frame_0724.jpg,402,188,hand,65,530,467,718
frame_0724.jpg,347,260,hand,531,445,878,705
frame_0724.jpg,154,205,hand,474,212,628,417
frame_0724.jpg,241,210,hand,122,231,363,441
frame_0761.jpg,301,273,hand,1,335,302,608
frame_0761.jpg,402,299,hand,811,341,1213,640
frame_0761.jpg,181,237,hand,666,85,847,322
frame_0761.jpg,252,176,hand,387,137,639,313
frame_0773.jpg,388,282,hand,618,337,1006,619
frame_0773.jpg,203,214,hand,421,110,624,324
frame_0773.jpg,280,178,hand,105,125,385,303
frame_0779.jpg,335,354,hand,1,303,336,657
frame_0779.jpg,456,278,hand,478,315,934,593
frame_0779.jpg,216,208,hand,359,46,575,254
frame_0779.jpg,292,172,hand,50,76,342,248
frame_0781.jpg,377,323,hand,1,296,378,619
frame_0781.jpg,478,287,hand,419,279,897,566
frame_0781.jpg,233,199,hand,308,8,541,207
frame_0781.jpg,310,170,hand,3,29,313,199
frame_0788.jpg,159,180,hand,1,292,160,472
frame_0788.jpg,409,320,hand,539,330,948,650
frame_0788.jpg,235,184,hand,226,0,461,184
frame_0788.jpg,144,110,hand,1,0,145,110
frame_0797.jpg,460,286,hand,1,432,461,718
frame_0797.jpg,445,305,hand,503,413,948,718
frame_0797.jpg,237,333,hand,190,99,427,432
frame_0878.jpg,445,195,hand,1,523,446,718
frame_0878.jpg,436,292,hand,478,426,914,718
frame_0878.jpg,132,97,hand,732,0,864,97
frame_0894.jpg,337,233,hand,3,485,340,718
frame_0894.jpg,422,360,hand,469,290,891,650
frame_0894.jpg,176,63,hand,586,2,762,65
frame_0942.jpg,350,256,hand,1,462,351,718
frame_0942.jpg,429,394,hand,416,250,845,644
frame_0942.jpg,96,17,hand,719,0,815,17
frame_0945.jpg,367,267,hand,1,451,368,718
frame_0945.jpg,418,396,hand,427,248,845,644
frame_0988.jpg,284,275,hand,1,373,285,648
frame_0988.jpg,473,322,hand,482,197,955,519
frame_1024.jpg,356,256,hand,1,462,357,718
frame_1024.jpg,449,284,hand,357,269,806,553
frame_1024.jpg,176,53,hand,700,0,876,53
frame_1024.jpg,214,48,hand,414,0,628,48
frame_1026.jpg,354,258,hand,1,460,355,718
frame_1026.jpg,447,293,hand,355,277,802,570
frame_1026.jpg,184,44,hand,694,0,878,44
frame_1026.jpg,183,51,hand,433,0,616,51
frame_1037.jpg,428,284,hand,1,434,429,718
frame_1037.jpg,447,308,hand,410,260,857,568
frame_1037.jpg,184,27,hand,461,0,645,27
frame_1041.jpg,403,301,hand,1,417,404,718
frame_1041.jpg,443,365,hand,425,241,868,606
frame_1078.jpg,314,244,hand,3,474,317,718
frame_1078.jpg,313,271,hand,512,284,825,555
frame_1078.jpg,197,218,hand,531,17,728,235
frame_1078.jpg,296,180,hand,192,57,488,237
frame_1079.jpg,322,261,hand,1,457,323,718
frame_1079.jpg,317,276,hand,525,260,842,536
frame_1079.jpg,191,207,hand,535,17,726,224
frame_1079.jpg,289,174,hand,202,55,491,229
frame_1144.jpg,308,95,hand,755,623,1063,718
frame_1144.jpg,205,222,hand,656,19,861,241
frame_1144.jpg,257,180,hand,346,80,603,260
frame_1153.jpg,265,51,hand,118,667,383,718
frame_1153.jpg,486,248,hand,611,470,1097,718
frame_1153.jpg,218,210,hand,671,95,889,305
frame_1153.jpg,250,172,hand,393,169,643,341
frame_1165.jpg,322,188,hand,1,530,323,718
frame_1165.jpg,409,298,hand,482,354,891,652
frame_1165.jpg,208,231,hand,575,44,783,275
frame_1165.jpg,225,199,hand,342,106,567,305
frame_1171.jpg,354,303,hand,1,413,355,716
frame_1171.jpg,383,339,hand,563,335,946,674
frame_1171.jpg,180,223,hand,531,25,711,248
frame_1171.jpg,217,212,hand,310,65,527,277
frame_1174.jpg,371,303,hand,1,413,372,716
frame_1174.jpg,443,366,hand,639,352,1082,718
frame_1174.jpg,180,225,hand,518,21,698,246
frame_1174.jpg,226,225,hand,243,25,469,250
frame_1253.jpg,311,388,hand,904,0,1215,388
frame_1253.jpg,318,337,hand,65,116,383,453
frame_1281.jpg,464,231,hand,815,487,1279,718
frame_1281.jpg,253,364,hand,486,159,739,523
frame_1362.jpg,354,254,hand,3,464,357,718
frame_1362.jpg,563,203,hand,419,515,982,718
frame_1362.jpg,335,349,hand,461,0,796,349
frame_1418.jpg,250,265,hand,1,419,251,684
frame_1418.jpg,595,407,hand,472,311,1067,718
frame_1425.jpg,329,216,hand,1,502,330,718
frame_1425.jpg,395,282,hand,577,436,972,718
frame_1463.jpg,185,154,hand,3,549,188,703
frame_1463.jpg,447,324,hand,520,394,967,718
frame_1463.jpg,107,41,hand,2,3,109,44
frame_1470.jpg,284,87,hand,3,631,287,718
frame_1470.jpg,238,83,hand,575,635,813,718
frame_1470.jpg,92,47,hand,2,2,94,49
frame_1487.jpg,252,254,hand,1010,0,1262,254
frame_1487.jpg,254,248,hand,294,142,548,390
frame_1499.jpg,218,51,hand,7,667,225,718
frame_1499.jpg,256,320,hand,885,34,1141,354
frame_1499.jpg,259,233,hand,111,203,370,436
frame_1503.jpg,95,176,hand,1,496,96,672
frame_1503.jpg,450,140,hand,609,578,1059,718
frame_1503.jpg,248,159,hand,772,0,1020,159
frame_1503.jpg,250,226,hand,1,0,251,226
frame_1506.jpg,49,114,hand,1,498,50,612
frame_1506.jpg,487,138,hand,603,580,1090,718
frame_1506.jpg,231,104,hand,777,0,1008,104
frame_1506.jpg,259,123,hand,3,0,262,123
frame_1552.jpg,261,210,hand,3,508,264,718
frame_1552.jpg,288,231,hand,635,366,923,597
frame_1552.jpg,284,316,hand,88,93,372,409
frame_1559.jpg,276,271,hand,3,447,279,718
frame_1559.jpg,256,229,hand,550,0,806,229
frame_1559.jpg,256,220,hand,1,0,257,220
frame_1565.jpg,331,161,hand,1,557,332,718
frame_1565.jpg,445,239,hand,573,479,1018,718
frame_1565.jpg,207,159,hand,669,0,876,159
frame_1565.jpg,265,101,hand,65,0,330,101
frame_1600.jpg,411,235,hand,624,483,1035,718
frame_1600.jpg,218,252,hand,353,8,571,260
frame_1600.jpg,117,134,hand,1,116,118,250
frame_1602.jpg,411,254,hand,563,464,974,718
frame_1602.jpg,193,203,hand,376,0,569,203
frame_1602.jpg,146,259,hand,1,82,147,341
frame_1605.jpg,394,305,hand,548,413,942,718
frame_1605.jpg,223,129,hand,361,0,584,129
frame_1605.jpg,174,261,hand,1,38,175,299
frame_1617.jpg,407,303,hand,641,320,1048,623
frame_1641.jpg,460,99,hand,5,619,465,718
frame_1641.jpg,471,307,hand,505,411,976,718
frame_1641.jpg,327,165,hand,3,0,330,165
frame_1677.jpg,388,373,hand,671,292,1059,665
frame_1677.jpg,193,296,hand,1,36,194,332
frame_1680.jpg,453,405,hand,472,260,925,665
frame_1680.jpg,210,299,hand,1,48,211,347
frame_1701.jpg,356,119,hand,3,599,359,718
frame_1701.jpg,307,180,hand,571,538,878,718
frame_1701.jpg,316,229,hand,1,0,317,229
frame_1724.jpg,359,104,hand,26,614,385,718
frame_1724.jpg,337,307,hand,448,411,785,718
frame_1724.jpg,307,301,hand,188,63,495,364
frame_1724.jpg,68,129,hand,1,195,69,324
frame_1751.jpg,335,167,hand,1,551,336,718
frame_1751.jpg,468,358,hand,622,360,1090,718
frame_1751.jpg,280,207,hand,1,0,281,207
frame_1763.jpg,346,93,hand,22,625,368,718
frame_1763.jpg,441,214,hand,505,504,946,718
frame_1763.jpg,252,267,hand,1,0,253,267
frame_1793.jpg,276,74,hand,1003,642,1279,716
frame_1793.jpg,225,237,hand,319,123,544,360
frame_1793.jpg,301,335,hand,7,243,308,578
frame_1894.jpg,261,453,hand,3,231,264,684
frame_1894.jpg,481,390,hand,569,305,1050,695
frame_1894.jpg,278,233,hand,1,4,279,237
frame_1916.jpg,223,205,hand,1,513,224,718
frame_1916.jpg,549,390,hand,592,301,1141,691
frame_1916.jpg,255,307,hand,431,0,686,307
frame_1916.jpg,138,87,hand,3,59,141,146
frame_1938.jpg,261,32,hand,3,686,264,718
frame_1938.jpg,486,443,hand,435,231,921,674
frame_1938.jpg,373,324,hand,349,72,722,396
frame_1953.jpg,333,102,hand,5,616,338,718
frame_1953.jpg,447,345,hand,404,263,851,608
frame_1953.jpg,371,226,hand,88,0,459,226
frame_1968.jpg,568,385,hand,592,89,1160,474
frame_1968.jpg,409,258,hand,302,0,711,258
frame_1968.jpg,151,388,hand,1,146,152,534
frame_2022.jpg,288,282,hand,1,434,289,716
frame_2022.jpg,496,301,hand,673,417,1169,718
frame_2022.jpg,131,222,hand,1,210,132,432
frame_2043.jpg,74,69,hand,1,408,75,477
frame_2043.jpg,512,299,hand,739,184,1251,483
frame_2043.jpg,263,343,hand,308,0,571,343
frame_2085.jpg,333,269,hand,5,449,338,718
frame_2085.jpg,623,343,hand,385,375,1008,718
frame_2085.jpg,276,254,hand,321,0,597,254
frame_2085.jpg,163,142,hand,1,4,164,146
frame_2119.jpg,426,348,hand,633,349,1059,697
frame_2119.jpg,244,381,hand,1,93,245,474
frame_2172.jpg,602,383,hand,1,123,603,506
frame_2172.jpg,540,362,hand,739,0,1279,362
frame_2172.jpg,240,65,hand,359,0,599,65
frame_2267.jpg,481,445,hand,1,273,482,718
frame_2267.jpg,392,371,hand,410,34,802,405
frame_2267.jpg,157,237,hand,5,0,162,237
frame_2273.jpg,454,212,hand,1,506,455,718
frame_2273.jpg,407,341,hand,474,320,881,661
frame_2273.jpg,236,182,hand,539,0,775,182
frame_2273.jpg,165,318,hand,1,44,166,362
frame_2277.jpg,371,95,hand,84,623,455,718
frame_2277.jpg,418,269,hand,488,449,906,718
frame_2277.jpg,207,231,hand,601,38,808,269
frame_2277.jpg,208,284,hand,1,61,209,345
frame_2307.jpg,221,72,hand,5,646,226,718
frame_2307.jpg,411,343,hand,582,375,993,718
frame_2307.jpg,197,292,hand,391,178,588,470
frame_2307.jpg,282,311,hand,1,197,283,508
frame_2403.jpg,449,74,hand,162,644,611,718
frame_2403.jpg,454,517,hand,825,197,1279,714
frame_2403.jpg,318,203,hand,745,0,1063,203
frame_2403.jpg,271,354,hand,419,6,690,360
frame_2412.jpg,289,36,hand,238,682,527,718
frame_2412.jpg,593,542,hand,686,176,1279,718
frame_2412.jpg,333,207,hand,698,0,1031,207
frame_2412.jpg,262,354,hand,419,4,681,358
frame_2415.jpg,314,127,hand,1,591,315,718
frame_2415.jpg,493,468,hand,525,250,1018,718
frame_2415.jpg,307,254,hand,688,0,995,254
frame_2415.jpg,265,332,hand,421,0,686,332
frame_2428.jpg,348,405,hand,1,313,349,718
frame_2428.jpg,494,449,hand,463,269,957,718
frame_2428.jpg,320,248,hand,639,0,959,248
frame_2428.jpg,314,292,hand,374,0,688,292
frame_2473.jpg,333,379,hand,3,339,336,718
frame_2473.jpg,509,389,hand,461,157,970,546
frame_2473.jpg,237,57,hand,243,0,480,57
frame_2482.jpg,388,326,hand,1,392,389,718
frame_2482.jpg,467,400,hand,469,246,936,646
frame_2482.jpg,259,78,hand,249,0,508,78
frame_2518.jpg,401,333,hand,1,385,402,718
frame_2518.jpg,369,290,hand,497,343,866,633
frame_2518.jpg,255,110,hand,910,72,1165,182
frame_2518.jpg,301,267,hand,363,82,664,349
frame_2549.jpg,197,263,hand,366,233,563,496
frame_2549.jpg,290,303,hand,1,313,291,616
frame_2570.jpg,545,265,hand,734,453,1279,718
frame_2570.jpg,193,278,hand,599,171,792,449
frame_2570.jpg,282,290,hand,317,282,599,572
frame_2610.jpg,72,91,hand,3,519,75,610
frame_2610.jpg,310,112,hand,308,606,618,718
frame_2610.jpg,204,318,hand,715,74,919,392
frame_2610.jpg,335,326,hand,315,184,650,510
frame_2678.jpg,207,34,hand,139,684,346,718
frame_2678.jpg,451,313,hand,527,405,978,718
frame_2678.jpg,212,343,hand,319,106,531,449
frame_2678.jpg,278,392,hand,1,252,279,644
frame_0002.jpg,221,152,hand,557,315,778,467
frame_0002.jpg,219,152,hand,279,316,498,468
frame_0006.jpg,214,140,hand,584,320,798,460
frame_0006.jpg,227,141,hand,273,327,500,468
frame_0036.jpg,138,12,hand,18,703,156,715
frame_0036.jpg,384,100,hand,819,617,1203,717
frame_0036.jpg,236,155,hand,582,420,818,575
frame_0036.jpg,231,201,hand,216,406,447,607
frame_0048.jpg,356,43,hand,771,671,1127,714
frame_0048.jpg,272,269,hand,648,360,920,629
frame_0048.jpg,194,201,hand,206,364,400,565
frame_0083.jpg,146,269,hand,4,394,150,663
frame_0083.jpg,492,226,hand,677,490,1169,716
frame_0083.jpg,281,185,hand,433,330,714,515
frame_0083.jpg,164,129,hand,80,316,244,445
frame_0141.jpg,520,232,hand,4,486,524,718
frame_0141.jpg,482,295,hand,689,418,1171,713
frame_0141.jpg,206,193,hand,870,187,1076,380
frame_0141.jpg,241,168,hand,405,195,646,363
frame_0189.jpg,525,263,hand,3,454,528,717
frame_0189.jpg,497,201,hand,542,516,1039,717
frame_0189.jpg,203,179,hand,751,200,954,379
frame_0189.jpg,269,142,hand,401,182,670,324
frame_0226.jpg,299,92,hand,835,625,1134,717
frame_0226.jpg,192,128,hand,467,271,659,399
frame_0226.jpg,217,143,hand,139,261,356,404
frame_0227.jpg,298,63,hand,878,653,1176,716
frame_0227.jpg,196,131,hand,438,266,634,397
frame_0227.jpg,237,160,hand,101,244,338,404
frame_0323.jpg,161,29,hand,29,689,190,718
frame_0323.jpg,233,144,hand,943,190,1176,334
frame_0323.jpg,253,147,hand,598,207,851,354
frame_0344.jpg,320,213,hand,6,505,326,718
frame_0344.jpg,477,267,hand,657,450,1134,717
frame_0344.jpg,215,145,hand,616,302,831,447
frame_0344.jpg,220,153,hand,383,303,603,456
frame_0382.jpg,84,109,hand,2,606,86,715
frame_0382.jpg,421,184,hand,635,532,1056,716
frame_0382.jpg,201,149,hand,472,269,673,418
frame_0382.jpg,191,140,hand,170,192,361,332
frame_0385.jpg,33,31,hand,3,685,36,716
frame_0385.jpg,371,133,hand,704,582,1075,715
frame_0385.jpg,204,149,hand,459,289,663,438
frame_0385.jpg,203,158,hand,202,274,405,432
frame_0393.jpg,500,213,hand,686,505,1186,718
frame_0393.jpg,219,147,hand,383,273,602,420
frame_0393.jpg,274,144,hand,69,272,343,416
frame_0431.jpg,460,239,hand,819,476,1279,715
frame_0431.jpg,306,143,hand,184,281,490,424
frame_0431.jpg,86,154,hand,6,262,92,416
frame_0439.jpg,305,55,hand,967,662,1272,717
frame_0439.jpg,287,138,hand,345,289,632,427
frame_0439.jpg,256,143,hand,31,277,287,420
frame_0456.jpg,269,149,hand,631,339,900,488
frame_0456.jpg,215,190,hand,181,317,396,507
frame_0482.jpg,537,207,hand,742,507,1279,714
frame_0482.jpg,196,218,hand,785,230,981,448
frame_0482.jpg,243,173,hand,181,269,424,442
frame_0521.jpg,392,261,hand,1,453,393,714
frame_0521.jpg,424,265,hand,575,452,999,717
frame_0521.jpg,233,148,hand,766,290,999,438
frame_0575.jpg,296,176,hand,114,404,410,580
frame_0575.jpg,314,229,hand,678,438,992,667
frame_0575.jpg,260,151,hand,661,285,921,436
frame_0575.jpg,140,143,hand,330,284,470,427
frame_0593.jpg,365,248,hand,236,433,601,681
frame_0593.jpg,382,251,hand,597,436,979,687
frame_0593.jpg,228,125,hand,533,331,761,456
frame_0593.jpg,173,204,hand,193,298,366,502
frame_0655.jpg,360,239,hand,635,451,995,690
frame_0655.jpg,286,150,hand,249,358,535,508
frame_0655.jpg,87,189,hand,3,418,90,607
frame_0656.jpg,348,230,hand,649,436,997,666
frame_0656.jpg,293,145,hand,260,353,553,498
frame_0656.jpg,97,196,hand,3,401,100,597
frame_0671.jpg,231,173,hand,4,533,235,706
frame_0671.jpg,404,328,hand,873,386,1277,714
frame_0671.jpg,237,150,hand,626,257,863,407
frame_0671.jpg,219,206,hand,289,290,508,496
frame_0675.jpg,378,173,hand,1,546,379,719
frame_0675.jpg,528,259,hand,735,454,1263,713
frame_0675.jpg,245,149,hand,736,241,981,390
frame_0675.jpg,248,184,hand,371,216,619,400
frame_0702.jpg,218,214,hand,5,482,223,696
frame_0702.jpg,728,350,hand,548,366,1276,716
frame_0702.jpg,232,132,hand,657,224,889,356
frame_0702.jpg,210,158,hand,371,198,581,356
frame_0765.jpg,446,287,hand,1,432,447,719
frame_0765.jpg,558,229,hand,518,488,1076,717
frame_0765.jpg,296,199,hand,948,229,1244,428
frame_0765.jpg,232,195,hand,627,209,859,404
frame_0834.jpg,281,78,hand,316,641,597,719
frame_0834.jpg,407,250,hand,495,401,902,651
frame_0834.jpg,286,177,hand,89,254,375,431
frame_0862.jpg,304,155,hand,271,562,575,717
frame_0862.jpg,609,157,hand,593,562,1202,719
frame_0862.jpg,144,124,hand,1,270,145,394
frame_0912.jpg,197,174,hand,4,531,201,705
frame_0912.jpg,523,303,hand,624,414,1147,717
frame_0912.jpg,283,217,hand,343,226,626,443
frame_0946.jpg,124,163,hand,2,553,126,716
frame_0946.jpg,493,355,hand,567,358,1060,713
frame_0946.jpg,292,220,hand,307,223,599,443
frame_0946.jpg,67,87,hand,1,327,68,414
frame_0966.jpg,414,272,hand,3,447,417,719
frame_0966.jpg,532,244,hand,586,474,1118,718
frame_0966.jpg,151,220,hand,1126,154,1277,374
frame_0966.jpg,235,187,hand,624,172,859,359
frame_1009.jpg,433,205,hand,1,512,434,717
frame_1009.jpg,487,157,hand,457,560,944,717
frame_1009.jpg,312,405,hand,713,243,1025,648
frame_1022.jpg,375,195,hand,2,520,377,715
frame_1022.jpg,434,173,hand,487,546,921,719
frame_1022.jpg,263,202,hand,1016,236,1279,438
frame_1022.jpg,308,204,hand,613,204,921,408
frame_1025.jpg,323,175,hand,7,525,330,700
frame_1025.jpg,450,212,hand,437,503,887,715
frame_1025.jpg,251,194,hand,975,245,1226,439
frame_1025.jpg,299,214,hand,581,199,880,413
frame_1096.jpg,163,128,hand,2,584,165,712
frame_1096.jpg,662,158,hand,414,561,1076,719
frame_1096.jpg,239,155,hand,482,196,721,351
frame_1096.jpg,211,187,hand,79,163,290,350
frame_1129.jpg,225,194,hand,3,487,228,681
frame_1129.jpg,425,138,hand,269,581,694,719
frame_1129.jpg,243,149,hand,849,301,1092,450
frame_1129.jpg,254,183,hand,531,258,785,441
frame_1150.jpg,364,264,hand,771,451,1135,715
frame_1150.jpg,205,151,hand,547,399,752,550
frame_1150.jpg,209,145,hand,147,298,356,443
frame_1164.jpg,405,172,hand,606,545,1011,717
frame_1164.jpg,279,163,hand,242,403,521,566
frame_1164.jpg,73,118,hand,5,430,78,548
frame_1182.jpg,476,259,hand,610,454,1086,713
frame_1182.jpg,214,173,hand,427,327,641,500
frame_1182.jpg,251,170,hand,15,262,266,432
frame_1230.jpg,92,98,hand,3,614,95,712
frame_1230.jpg,271,165,hand,360,325,631,490
frame_1230.jpg,111,87,hand,275,362,386,449
frame_1230.jpg,123,141,hand,30,270,153,411
frame_1258.jpg,258,209,hand,345,452,603,661
frame_1258.jpg,205,114,hand,6,458,211,572
frame_1279.jpg,332,41,hand,116,676,448,717
frame_1279.jpg,492,127,hand,546,591,1038,718
frame_1279.jpg,234,167,hand,409,289,643,456
frame_1279.jpg,244,213,hand,93,283,337,496
frame_1291.jpg,177,12,hand,204,706,381,718
frame_1291.jpg,483,119,hand,556,600,1039,719
frame_1291.jpg,252,190,hand,375,262,627,452
frame_1291.jpg,251,207,hand,1,315,252,522
frame_1318.jpg,305,196,hand,262,457,567,653
frame_1318.jpg,729,350,hand,163,266,892,616
frame_1318.jpg,114,83,hand,686,301,800,384
frame_1318.jpg,107,48,hand,283,369,390,417
frame_1333.jpg,444,231,hand,5,485,449,716
frame_1333.jpg,454,267,hand,663,448,1117,715
frame_1333.jpg,253,139,hand,483,307,736,446
frame_1333.jpg,202,196,hand,164,265,366,461
frame_1340.jpg,451,224,hand,5,493,456,717
frame_1340.jpg,480,256,hand,642,459,1122,715
frame_1340.jpg,262,137,hand,519,298,781,435
frame_1340.jpg,234,171,hand,194,257,428,428
frame_1379.jpg,477,201,hand,1,515,478,716
frame_1379.jpg,626,180,hand,540,535,1166,715
frame_1379.jpg,224,126,hand,511,181,735,307
frame_1379.jpg,206,150,hand,288,146,494,296
frame_1382.jpg,473,215,hand,4,504,477,719
frame_1382.jpg,637,181,hand,526,536,1163,717
frame_1382.jpg,219,136,hand,493,172,712,308
frame_1382.jpg,189,156,hand,299,149,488,305
frame_1386.jpg,477,214,hand,3,502,480,716
frame_1386.jpg,670,162,hand,523,554,1193,716
frame_1386.jpg,225,157,hand,476,142,701,299
frame_1386.jpg,194,127,hand,227,99,421,226
frame_1430.jpg,206,143,hand,5,573,211,716
frame_1430.jpg,544,129,hand,630,586,1174,715
frame_1430.jpg,356,272,hand,157,231,513,503
frame_1434.jpg,202,143,hand,5,571,207,714
frame_1434.jpg,573,118,hand,602,598,1175,716
frame_1434.jpg,315,269,hand,199,232,514,501
frame_1434.jpg,160,260,hand,4,153,164,413
frame_1475.jpg,453,143,hand,5,575,458,718
frame_1475.jpg,489,110,hand,686,609,1175,719
frame_1475.jpg,200,135,hand,541,136,741,271
frame_1490.jpg,472,194,hand,7,525,479,719
frame_1490.jpg,505,135,hand,592,583,1097,718
frame_1490.jpg,251,123,hand,623,146,874,269
frame_1490.jpg,188,182,hand,251,139,439,321
frame_1499.jpg,548,317,hand,4,401,552,718
frame_1499.jpg,389,66,hand,890,650,1279,716
frame_1499.jpg,285,125,hand,661,229,946,354
frame_1499.jpg,161,153,hand,482,151,643,304
frame_1523.jpg,507,120,hand,7,598,514,718
frame_1523.jpg,427,81,hand,754,638,1181,719
frame_1523.jpg,326,204,hand,713,186,1039,390
frame_1523.jpg,174,199,hand,427,136,601,335
frame_1527.jpg,471,136,hand,3,580,474,716
frame_1527.jpg,530,110,hand,595,609,1125,719
frame_1527.jpg,333,199,hand,650,205,983,404
frame_1527.jpg,193,183,hand,361,140,554,323
frame_1537.jpg,445,119,hand,5,597,450,716
frame_1537.jpg,557,128,hand,583,588,1140,716
frame_1537.jpg,298,151,hand,658,216,956,367
frame_1537.jpg,181,166,hand,369,139,550,305
frame_1542.jpg,399,131,hand,4,584,403,715
frame_1542.jpg,595,146,hand,531,569,1126,715
frame_1542.jpg,292,155,hand,621,201,913,356
frame_1542.jpg,197,151,hand,352,137,549,288
frame_1585.jpg,332,164,hand,603,553,935,717
frame_1585.jpg,291,139,hand,274,377,565,516
frame_1585.jpg,123,234,hand,2,351,125,585
frame_1587.jpg,345,110,hand,523,606,868,716
frame_1587.jpg,290,148,hand,226,395,516,543
frame_1587.jpg,68,224,hand,2,365,70,589
frame_1643.jpg,292,73,hand,7,643,299,716
frame_1643.jpg,609,178,hand,435,538,1044,716
frame_1643.jpg,243,155,hand,519,246,762,401
frame_1643.jpg,226,208,hand,277,183,503,391
frame_1698.jpg,423,174,hand,9,544,432,718
frame_1698.jpg,280,165,hand,500,358,780,523
frame_1698.jpg,149,213,hand,249,289,398,502
frame_1700.jpg,472,122,hand,5,594,477,716
frame_1700.jpg,295,172,hand,504,372,799,544
frame_1700.jpg,152,209,hand,257,296,409,505
frame_1706.jpg,519,84,hand,7,631,526,715
frame_1706.jpg,341,204,hand,499,411,840,615
frame_1706.jpg,218,225,hand,245,364,463,589
frame_1728.jpg,485,133,hand,4,582,489,715
frame_1728.jpg,317,168,hand,884,337,1201,505
frame_1728.jpg,245,171,hand,577,292,822,463
frame_1800.jpg,364,224,hand,637,425,1001,649
frame_1800.jpg,284,123,hand,233,291,517,414
frame_1800.jpg,62,187,hand,3,203,65,390
frame_1836.jpg,451,260,hand,503,458,954,718
frame_1836.jpg,354,198,hand,18,322,372,520
frame_1842.jpg,242,199,hand,598,361,840,560
frame_1842.jpg,194,138,hand,320,278,514,416
frame_1844.jpg,230,175,hand,715,372,945,547
frame_1844.jpg,133,133,hand,526,277,659,410
frame_1851.jpg,254,149,hand,733,458,987,607
frame_1851.jpg,164,184,hand,579,368,743,552
frame_1945.jpg,313,243,hand,3,424,316,667
frame_1945.jpg,314,277,hand,575,437,889,714
frame_1945.jpg,275,162,hand,887,385,1162,547
frame_1945.jpg,211,141,hand,592,304,803,445
frame_1961.jpg,235,305,hand,2,414,237,719
frame_1961.jpg,420,233,hand,597,354,1017,587
frame_1961.jpg,276,101,hand,580,283,856,384
frame_1961.jpg,213,258,hand,150,189,363,447
frame_1994.jpg,389,235,hand,113,400,502,635
frame_1994.jpg,444,249,hand,646,464,1090,713
frame_1994.jpg,241,146,hand,463,292,704,438
frame_1994.jpg,232,175,hand,149,231,381,406
frame_2114.jpg,440,231,hand,3,486,443,717
frame_2114.jpg,493,283,hand,506,434,999,717
frame_2114.jpg,240,131,hand,635,321,875,452
frame_2114.jpg,92,223,hand,3,295,95,518
frame_2145.jpg,397,286,hand,3,407,400,693
frame_2145.jpg,403,259,hand,868,455,1271,714
frame_2145.jpg,311,144,hand,867,296,1178,440
frame_2145.jpg,119,128,hand,330,195,449,323
frame_2161.jpg,445,212,hand,6,505,451,717
frame_2161.jpg,466,239,hand,552,479,1018,718
frame_2161.jpg,275,136,hand,756,251,1031,387
frame_2161.jpg,169,119,hand,469,181,638,300
frame_2190.jpg,386,98,hand,6,620,392,718
frame_2190.jpg,250,170,hand,755,351,1005,521
frame_2190.jpg,196,179,hand,231,313,427,492
frame_2196.jpg,233,167,hand,762,395,995,562
frame_2196.jpg,175,219,hand,234,348,409,567
frame_2238.jpg,393,122,hand,2,597,395,719
frame_2238.jpg,413,259,hand,464,446,877,705
frame_2238.jpg,283,280,hand,992,398,1275,678
frame_2238.jpg,225,196,hand,340,326,565,522
frame_2248.jpg,412,157,hand,5,561,417,718
frame_2248.jpg,432,267,hand,461,452,893,719
frame_2248.jpg,311,325,hand,957,380,1268,705
frame_2248.jpg,229,221,hand,339,291,568,512
frame_2252.jpg,413,159,hand,4,558,417,717
frame_2252.jpg,477,275,hand,457,440,934,715
frame_2252.jpg,266,235,hand,1012,317,1278,552
frame_2252.jpg,245,226,hand,334,276,579,502
frame_2294.jpg,429,172,hand,4,547,433,719
frame_2294.jpg,564,224,hand,593,494,1157,718
frame_2294.jpg,359,158,hand,743,359,1102,517
frame_2294.jpg,219,228,hand,418,283,637,511
frame_2329.jpg,454,156,hand,7,561,461,717
frame_2329.jpg,418,85,hand,577,633,995,718
frame_2329.jpg,411,202,hand,684,354,1095,556
frame_2329.jpg,224,204,hand,452,300,676,504
frame_2358.jpg,341,162,hand,348,465,689,627
frame_2358.jpg,28,81,hand,9,339,37,420
frame_2390.jpg,124,112,hand,6,600,130,712
frame_2390.jpg,340,303,hand,938,364,1278,667
frame_2390.jpg,335,197,hand,464,380,799,577
frame_2390.jpg,69,200,hand,2,184,71,384
frame_2441.jpg,151,135,hand,3,584,154,719
frame_2441.jpg,473,181,hand,629,538,1102,719
frame_2441.jpg,337,185,hand,463,346,800,531
frame_2441.jpg,228,232,hand,155,270,383,502
frame_2444.jpg,138,142,hand,2,577,140,719
frame_2444.jpg,460,194,hand,593,522,1053,716
frame_2444.jpg,320,185,hand,453,342,773,527
frame_2444.jpg,229,223,hand,151,278,380,501
frame_2459.jpg,152,172,hand,1,541,153,713
frame_2459.jpg,397,170,hand,621,548,1018,718
frame_2459.jpg,398,184,hand,287,337,685,521
frame_2459.jpg,138,284,hand,2,146,140,430
frame_2491.jpg,472,191,hand,7,528,479,719
frame_2491.jpg,306,35,hand,525,683,831,718
frame_2491.jpg,386,220,hand,652,402,1038,622
frame_2491.jpg,196,269,hand,268,231,464,500
frame_2499.jpg,493,197,hand,4,518,497,715
frame_2499.jpg,378,83,hand,488,633,866,716
frame_2499.jpg,394,195,hand,669,346,1063,541
frame_2499.jpg,199,240,hand,307,231,506,471
frame_2515.jpg,437,104,hand,2,614,439,718
frame_2515.jpg,245,24,hand,468,695,713,719
frame_2515.jpg,318,283,hand,961,432,1279,715
frame_2515.jpg,164,273,hand,264,243,428,516
frame_2567.jpg,386,175,hand,891,538,1277,713
frame_2567.jpg,205,189,hand,562,316,767,505
frame_2567.jpg,183,197,hand,2,275,185,472
frame_2570.jpg,91,143,hand,1,574,92,717
frame_2570.jpg,304,200,hand,972,517,1276,717
frame_2570.jpg,222,226,hand,644,360,866,586
frame_2570.jpg,253,216,hand,77,289,330,505
frame_2634.jpg,204,258,hand,4,447,208,705
frame_2634.jpg,440,199,hand,769,516,1209,715
frame_2634.jpg,165,271,hand,699,295,864,566
frame_2650.jpg,377,273,hand,185,404,562,677
frame_2650.jpg,440,254,hand,724,462,1164,716
frame_2650.jpg,281,149,hand,181,372,462,521
frame_2651.jpg,395,274,hand,169,401,564,675
frame_2651.jpg,523,266,hand,665,450,1188,716
frame_2651.jpg,320,154,hand,179,371,499,525
frame_2664.jpg,401,246,hand,142,466,543,712
frame_2664.jpg,459,181,hand,573,533,1032,714
frame_2664.jpg,298,190,hand,160,387,458,577
frame_2666.jpg,458,244,hand,95,473,553,717
frame_2666.jpg,447,178,hand,582,538,1029,716
frame_2666.jpg,301,172,hand,182,388,483,560
frame_2679.jpg,385,227,hand,188,486,573,713
frame_2679.jpg,439,238,hand,784,427,1223,665
frame_2679.jpg,315,140,hand,190,386,505,526
frame_0057.jpg,174,29,hand,257,687,431,716
frame_0057.jpg,216,99,hand,672,617,888,716
frame_0057.jpg,187,154,hand,623,307,810,461
frame_0057.jpg,221,160,hand,364,343,585,503
frame_0088.jpg,379,221,hand,5,496,384,717
frame_0088.jpg,103,19,hand,709,699,812,718
frame_0088.jpg,174,188,hand,636,213,810,401
frame_0088.jpg,216,163,hand,323,252,539,415
frame_0102.jpg,278,99,hand,592,620,870,719
frame_0102.jpg,194,231,hand,509,308,703,539
frame_0102.jpg,183,198,hand,81,321,264,519
frame_0105.jpg,292,131,hand,622,586,914,717
frame_0105.jpg,180,204,hand,493,345,673,549
frame_0105.jpg,194,200,hand,46,335,240,535
frame_0129.jpg,240,103,hand,2,615,242,718
frame_0129.jpg,277,302,hand,672,414,949,716
frame_0129.jpg,171,178,hand,610,247,781,425
frame_0129.jpg,174,195,hand,182,286,356,481
frame_0145.jpg,312,157,hand,77,558,389,715
frame_0145.jpg,283,231,hand,646,407,929,638
frame_0145.jpg,159,250,hand,859,227,1018,477
frame_0145.jpg,241,214,hand,432,239,673,453
frame_0149.jpg,287,165,hand,91,552,378,717
frame_0149.jpg,268,211,hand,684,424,952,635
frame_0149.jpg,177,221,hand,872,198,1049,419
frame_0149.jpg,218,212,hand,453,229,671,441
frame_0211.jpg,264,117,hand,194,599,458,716
frame_0211.jpg,159,313,hand,1119,406,1278,719
frame_0211.jpg,282,205,hand,707,196,989,401
frame_0255.jpg,220,56,hand,106,657,326,713
frame_0255.jpg,129,156,hand,948,178,1077,334
frame_0255.jpg,220,142,hand,692,245,912,387
frame_0297.jpg,355,252,hand,231,465,586,717
frame_0297.jpg,371,256,hand,710,463,1081,719
frame_0297.jpg,158,177,hand,773,132,931,309
frame_0297.jpg,228,152,hand,516,169,744,321
frame_0319.jpg,243,79,hand,266,635,509,714
frame_0319.jpg,158,198,hand,743,269,901,467
frame_0319.jpg,230,188,hand,442,307,672,495
frame_0356.jpg,151,176,hand,768,77,919,253
frame_0356.jpg,213,135,hand,518,107,731,242
frame_0456.jpg,226,88,hand,3,630,229,718
frame_0456.jpg,291,255,hand,988,463,1279,718
frame_0456.jpg,187,169,hand,919,96,1106,265
frame_0456.jpg,230,135,hand,374,134,604,269
frame_0495.jpg,242,227,hand,777,487,1019,714
frame_0495.jpg,150,181,hand,720,278,870,459
frame_0495.jpg,237,163,hand,117,312,354,475
frame_0513.jpg,184,178,hand,4,532,188,710
frame_0513.jpg,221,47,hand,607,670,828,717
frame_0513.jpg,162,155,hand,755,101,917,256
frame_0513.jpg,225,221,hand,212,123,437,344
frame_0547.jpg,332,185,hand,696,527,1028,712
frame_0547.jpg,216,222,hand,544,411,760,633
frame_0547.jpg,80,185,hand,3,422,83,607
frame_0549.jpg,316,192,hand,724,525,1040,717
frame_0549.jpg,214,278,hand,578,409,792,687
frame_0549.jpg,89,215,hand,1,404,90,619
frame_0583.jpg,130,47,hand,480,670,610,717
frame_0583.jpg,321,202,hand,691,509,1012,711
frame_0583.jpg,192,164,hand,484,316,676,480
frame_0583.jpg,322,186,hand,6,432,328,618
frame_0650.jpg,305,205,hand,542,507,847,712
frame_0650.jpg,318,159,hand,140,354,458,513
frame_0653.jpg,333,215,hand,514,497,847,712
frame_0653.jpg,329,167,hand,129,341,458,508
frame_0654.jpg,294,221,hand,517,481,811,702
frame_0654.jpg,328,171,hand,112,332,440,503
frame_0675.jpg,279,206,hand,852,512,1131,718
frame_0675.jpg,194,116,hand,510,598,704,714
frame_0678.jpg,243,307,hand,1034,408,1277,715
frame_0678.jpg,260,224,hand,698,489,958,713
frame_0678.jpg,214,124,hand,71,295,285,419
frame_0701.jpg,128,158,hand,651,208,779,366
frame_0701.jpg,294,148,hand,263,288,557,436
frame_0705.jpg,141,150,hand,771,167,912,317
frame_0705.jpg,235,131,hand,422,247,657,378
frame_0728.jpg,200,138,hand,702,579,902,717
frame_0728.jpg,134,153,hand,580,111,714,264
frame_0728.jpg,253,134,hand,203,109,456,243
frame_0749.jpg,254,92,hand,135,625,389,717
frame_0749.jpg,117,150,hand,1159,177,1276,327
frame_0749.jpg,262,137,hand,844,202,1106,339
frame_0777.jpg,211,129,hand,3,587,214,716
frame_0777.jpg,303,225,hand,602,393,905,618
frame_0777.jpg,163,165,hand,1110,237,1273,402
frame_0777.jpg,261,137,hand,687,188,948,325
frame_0785.jpg,426,298,hand,566,418,992,716
frame_0785.jpg,183,132,hand,798,176,981,308
frame_0785.jpg,249,121,hand,417,162,666,283
frame_0821.jpg,347,217,hand,22,502,369,719
frame_0821.jpg,436,107,hand,834,608,1270,715
frame_0821.jpg,143,163,hand,1134,107,1277,270
frame_0821.jpg,289,141,hand,791,129,1080,270
frame_0831.jpg,338,274,hand,3,445,341,719
frame_0831.jpg,420,279,hand,571,440,991,719
frame_0831.jpg,24,75,hand,1255,271,1279,346
frame_0831.jpg,306,147,hand,916,215,1222,362
frame_0841.jpg,156,177,hand,6,507,162,684
frame_0841.jpg,351,212,hand,503,498,854,710
frame_0841.jpg,145,116,hand,939,173,1084,289
frame_0841.jpg,240,123,hand,516,80,756,203
frame_0896.jpg,331,186,hand,657,533,988,719
frame_0896.jpg,217,179,hand,207,63,424,242
frame_0960.jpg,322,65,hand,443,649,765,714
frame_0960.jpg,291,341,hand,651,110,942,451
frame_0960.jpg,243,293,hand,72,36,315,329
frame_0963.jpg,314,83,hand,454,635,768,718
frame_0963.jpg,286,328,hand,652,126,938,454
frame_0963.jpg,255,307,hand,1,46,256,353
frame_1002.jpg,179,166,hand,966,10,1145,176
frame_1002.jpg,203,188,hand,260,22,463,210
frame_1011.jpg,204,110,hand,798,5,1002,115
frame_1011.jpg,212,198,hand,262,23,474,221
frame_1068.jpg,364,217,hand,2,501,366,718
frame_1068.jpg,230,113,hand,622,594,852,707
frame_1068.jpg,262,177,hand,632,173,894,350
frame_1068.jpg,147,186,hand,423,124,570,310
frame_1072.jpg,350,179,hand,81,534,431,713
frame_1072.jpg,306,174,hand,508,538,814,712
frame_1072.jpg,222,167,hand,791,164,1013,331
frame_1072.jpg,159,182,hand,445,101,604,283
frame_1086.jpg,330,156,hand,124,557,454,713
frame_1086.jpg,290,147,hand,614,569,904,716
frame_1086.jpg,51,177,hand,1224,541,1275,718
frame_1086.jpg,401,391,hand,765,321,1166,712
frame_1162.jpg,140,32,hand,691,684,831,716
frame_1162.jpg,268,188,hand,480,190,748,378
frame_1179.jpg,309,153,hand,64,561,373,714
frame_1179.jpg,454,265,hand,788,443,1242,708
frame_1179.jpg,348,240,hand,754,241,1102,481
frame_1195.jpg,288,152,hand,121,562,409,714
frame_1195.jpg,264,79,hand,818,636,1082,715
frame_1195.jpg,336,336,hand,814,220,1150,556
frame_1217.jpg,61,12,hand,257,704,318,716
frame_1294.jpg,229,147,hand,252,567,481,714
frame_1294.jpg,201,133,hand,509,586,710,719
frame_1294.jpg,189,162,hand,1086,463,1275,625
frame_1294.jpg,243,158,hand,589,365,832,523
frame_1302.jpg,250,128,hand,120,587,370,715
frame_1302.jpg,182,143,hand,410,571,592,714
frame_1302.jpg,224,144,hand,400,322,624,466
frame_1318.jpg,83,86,hand,199,632,282,718
frame_1318.jpg,151,48,hand,426,665,577,713
frame_1318.jpg,148,257,hand,1131,415,1279,672
frame_1318.jpg,194,135,hand,584,358,778,493
frame_1321.jpg,169,55,hand,417,662,586,717
frame_1321.jpg,137,268,hand,1142,401,1279,669
frame_1321.jpg,196,130,hand,584,351,780,481
frame_1386.jpg,234,188,hand,865,524,1099,712
frame_1386.jpg,249,172,hand,126,243,375,415
frame_1394.jpg,242,313,hand,778,313,1020,626
frame_1394.jpg,274,221,hand,52,273,326,494
frame_1403.jpg,283,305,hand,737,351,1020,656
frame_1403.jpg,270,207,hand,24,224,294,431
frame_1466.jpg,357,160,hand,9,555,366,715
frame_1466.jpg,296,195,hand,916,96,1212,291
frame_1466.jpg,245,196,hand,628,123,873,319
frame_1479.jpg,317,285,hand,9,428,326,713
frame_1479.jpg,252,129,hand,127,51,379,180
frame_1525.jpg,79,113,hand,1194,33,1273,146
frame_1525.jpg,289,211,hand,944,24,1233,235
frame_1530.jpg,121,15,hand,338,698,459,713
frame_1530.jpg,219,169,hand,1057,108,1276,277
frame_1562.jpg,199,35,hand,75,679,274,714
frame_1562.jpg,190,93,hand,584,6,774,99
frame_1601.jpg,351,93,hand,594,622,945,715
frame_1601.jpg,146,130,hand,455,54,601,184
frame_1601.jpg,279,130,hand,108,66,387,196
frame_1612.jpg,238,174,hand,263,12,501,186
frame_1612.jpg,195,159,hand,5,67,200,226
frame_1615.jpg,254,179,hand,262,39,516,218
frame_1615.jpg,40,126,hand,2,249,42,375
frame_1631.jpg,242,181,hand,556,232,798,413
frame_1631.jpg,230,211,hand,173,360,403,571
frame_1647.jpg,253,138,hand,213,147,466,285
frame_1647.jpg,140,217,hand,4,148,144,365
frame_1728.jpg,86,96,hand,7,608,93,704
frame_1728.jpg,222,189,hand,744,15,966,204
frame_1728.jpg,263,256,hand,440,43,703,299
frame_1739.jpg,193,104,hand,711,3,904,107
frame_1739.jpg,347,200,hand,414,0,761,200
frame_1760.jpg,94,9,hand,730,708,824,717
frame_1760.jpg,195,151,hand,363,3,558,154
frame_1760.jpg,386,226,hand,12,0,398,226
frame_1837.jpg,308,77,hand,648,640,956,717
frame_1837.jpg,244,113,hand,218,2,462,115
frame_1837.jpg,277,222,hand,1,2,278,224
frame_1891.jpg,302,241,hand,901,30,1203,271
frame_1891.jpg,258,264,hand,595,93,853,357
frame_1921.jpg,436,458,hand,708,259,1144,717
frame_1921.jpg,282,210,hand,137,4,419,214
frame_1921.jpg,90,205,hand,1,4,91,209
frame_1968.jpg,165,213,hand,904,8,1069,221
frame_1968.jpg,284,143,hand,124,5,408,148
frame_1972.jpg,94,169,hand,1185,2,1279,171
frame_1972.jpg,295,124,hand,274,2,569,126
frame_1993.jpg,393,133,hand,502,583,895,716
frame_1993.jpg,280,359,hand,999,9,1279,368
frame_1993.jpg,226,69,hand,181,2,407,71
frame_2004.jpg,318,429,hand,306,279,624,708
frame_2004.jpg,176,99,hand,2,2,178,101
frame_2021.jpg,284,466,hand,899,55,1183,521
frame_2021.jpg,159,77,hand,341,2,500,79
frame_2032.jpg,220,95,hand,682,2,902,97
frame_2032.jpg,150,152,hand,401,5,551,157
frame_2035.jpg,189,138,hand,699,28,888,166
frame_2035.jpg,149,144,hand,433,14,582,158
frame_2049.jpg,144,139,hand,845,3,989,142
frame_2049.jpg,160,161,hand,451,30,611,191
frame_2051.jpg,156,124,hand,929,5,1085,129
frame_2051.jpg,171,158,hand,464,5,635,163
frame_2232.jpg,189,117,hand,6,600,195,717
frame_2232.jpg,93,58,hand,1186,2,1279,60
frame_2232.jpg,166,166,hand,374,5,540,171
frame_2279.jpg,234,353,hand,457,267,691,620
frame_2322.jpg,425,196,hand,19,518,444,714
frame_2322.jpg,322,172,hand,625,541,947,713
frame_2322.jpg,161,413,hand,1117,166,1278,579
frame_2326.jpg,374,152,hand,65,566,439,718
frame_2326.jpg,288,134,hand,519,581,807,715
frame_2326.jpg,151,364,hand,1127,186,1278,550
frame_2327.jpg,360,138,hand,76,581,436,719
frame_2327.jpg,279,126,hand,524,587,803,713
frame_2327.jpg,129,384,hand,1149,173,1278,557
frame_2342.jpg,259,86,hand,59,628,318,714
frame_2342.jpg,202,79,hand,683,640,885,719
frame_2342.jpg,317,225,hand,591,156,908,381
frame_2342.jpg,226,184,hand,344,126,570,310
frame_2365.jpg,231,92,hand,173,623,404,715
frame_2365.jpg,235,253,hand,1039,198,1274,451
frame_2365.jpg,237,270,hand,558,276,795,546
frame_2387.jpg,321,228,hand,91,480,412,708
frame_2387.jpg,200,163,hand,438,550,638,713
frame_2387.jpg,212,229,hand,1065,216,1277,445
frame_2387.jpg,270,232,hand,626,300,896,532
frame_2390.jpg,285,226,hand,130,456,415,682
frame_2390.jpg,198,167,hand,472,550,670,717
frame_2390.jpg,128,235,hand,1151,241,1279,476
frame_2390.jpg,287,224,hand,614,270,901,494
frame_2418.jpg,256,267,hand,206,404,462,671
frame_2418.jpg,281,301,hand,624,406,905,707
frame_2418.jpg,198,203,hand,695,218,893,421
frame_2419.jpg,265,277,hand,213,401,478,678
frame_2419.jpg,290,303,hand,631,407,921,710
frame_2419.jpg,194,201,hand,700,227,894,428
frame_2471.jpg,139,141,hand,5,526,144,667
frame_2471.jpg,281,130,hand,735,586,1016,716
frame_2471.jpg,193,177,hand,717,178,910,355
frame_2471.jpg,299,179,hand,410,154,709,333
frame_2529.jpg,245,356,hand,162,361,407,717
frame_2531.jpg,226,354,hand,166,365,392,719
frame_2570.jpg,174,172,hand,6,428,180,600
frame_2570.jpg,300,211,hand,515,500,815,711
frame_2570.jpg,201,141,hand,773,183,974,324
frame_2570.jpg,185,155,hand,318,166,503,321
frame_2576.jpg,308,193,hand,71,433,379,626
frame_2576.jpg,304,233,hand,659,478,963,711
frame_2576.jpg,215,174,hand,921,156,1136,330
frame_2576.jpg,147,173,hand,495,171,642,344
frame_2612.jpg,335,237,hand,156,392,491,629
frame_2612.jpg,387,328,hand,682,387,1069,715
frame_2612.jpg,172,119,hand,768,180,940,299
frame_2612.jpg,17,74,hand,4,274,21,348
frame_2636.jpg,350,141,hand,248,575,598,716
frame_2636.jpg,277,308,hand,748,404,1025,712
frame_2636.jpg,216,169,hand,675,67,891,236
frame_2672.jpg,217,134,hand,350,583,567,717
frame_2672.jpg,308,267,hand,599,447,907,714
frame_2682.jpg,186,92,hand,444,626,630,718
frame_2682.jpg,48,69,hand,726,630,774,699
frame_2682.jpg,217,27,hand,733,689,950,716
frame_2682.jpg,115,171,hand,1,355,116,526
frame_0039.jpg,172,111,hand,645,315,817,426
frame_0039.jpg,152,165,hand,370,309,522,474
frame_0144.jpg,322,252,hand,1,466,323,718
frame_0144.jpg,416,131,hand,539,587,955,718
frame_0144.jpg,244,322,hand,787,106,1031,428
frame_0144.jpg,195,261,hand,264,144,459,405
frame_0175.jpg,441,148,hand,14,570,455,718
frame_0175.jpg,352,174,hand,516,544,868,718
frame_0175.jpg,233,280,hand,868,218,1101,498
frame_0175.jpg,212,299,hand,476,241,688,540
frame_0183.jpg,367,176,hand,183,540,550,716
frame_0183.jpg,318,112,hand,620,606,938,718
frame_0183.jpg,248,314,hand,817,290,1065,604
frame_0183.jpg,170,261,hand,410,294,580,555
frame_0188.jpg,352,116,hand,130,602,482,718
frame_0188.jpg,275,282,hand,544,341,819,623
frame_0188.jpg,265,325,hand,781,330,1046,655
frame_0188.jpg,159,253,hand,355,315,514,568
frame_0196.jpg,367,210,hand,24,504,391,714
frame_0196.jpg,191,151,hand,675,383,866,534
frame_0196.jpg,216,277,hand,999,407,1215,684
frame_0196.jpg,140,152,hand,558,284,698,436
frame_0205.jpg,279,197,hand,315,407,594,604
frame_0205.jpg,301,252,hand,770,460,1071,712
frame_0205.jpg,305,290,hand,955,373,1260,663
frame_0205.jpg,191,114,hand,645,180,836,294
frame_0266.jpg,390,218,hand,71,500,461,718
frame_0266.jpg,341,193,hand,567,525,908,718
frame_0266.jpg,193,220,hand,891,91,1084,311
frame_0289.jpg,356,93,hand,82,625,438,718
frame_0289.jpg,358,108,hand,520,610,878,718
frame_0289.jpg,244,189,hand,942,241,1186,430
frame_0289.jpg,155,252,hand,641,197,796,449
frame_0381.jpg,354,78,hand,162,640,516,718
frame_0381.jpg,226,347,hand,1042,318,1268,665
frame_0381.jpg,203,216,hand,618,131,821,347
frame_0427.jpg,479,203,hand,33,513,512,716
frame_0427.jpg,460,275,hand,586,443,1046,718
frame_0427.jpg,254,150,hand,724,2,978,152
frame_0427.jpg,195,320,hand,1,53,196,373
frame_0446.jpg,242,202,hand,1012,169,1254,371
frame_0446.jpg,180,273,hand,260,265,440,538
frame_0537.jpg,265,138,hand,1,572,266,710
frame_0537.jpg,320,148,hand,677,570,997,718
frame_0537.jpg,195,195,hand,344,220,539,415
frame_0537.jpg,220,155,hand,33,135,253,290
frame_0549.jpg,42,112,hand,1,572,43,684
frame_0549.jpg,192,209,hand,438,210,630,419
frame_0551.jpg,64,80,hand,1,625,65,705
frame_0551.jpg,201,217,hand,429,207,630,424
frame_0591.jpg,293,58,hand,544,659,837,717
frame_0591.jpg,167,299,hand,1,411,168,710
frame_0632.jpg,435,231,hand,221,485,656,716
frame_0632.jpg,390,235,hand,660,483,1050,718
frame_0632.jpg,187,181,hand,736,207,923,388
frame_0632.jpg,237,305,hand,20,411,257,716
frame_0634.jpg,363,176,hand,289,542,652,718
frame_0634.jpg,375,186,hand,673,532,1048,718
frame_0634.jpg,203,179,hand,775,226,978,405
frame_0634.jpg,241,303,hand,48,415,289,718
frame_0646.jpg,351,248,hand,563,470,914,718
frame_0646.jpg,204,161,hand,683,301,887,462
frame_0646.jpg,123,161,hand,5,557,128,718
frame_0723.jpg,70,126,hand,1209,226,1279,352
frame_0723.jpg,233,138,hand,874,135,1107,273
frame_0747.jpg,273,42,hand,122,676,395,718
frame_0747.jpg,183,204,hand,772,59,955,263
frame_0751.jpg,123,30,hand,255,688,378,718
frame_0751.jpg,176,231,hand,770,82,946,313
frame_0773.jpg,534,174,hand,1,544,535,718
frame_0773.jpg,165,377,hand,1114,322,1279,699
frame_0805.jpg,443,104,hand,54,614,497,718
frame_0805.jpg,102,140,hand,1177,133,1279,273
frame_0805.jpg,174,192,hand,878,85,1052,277
frame_0835.jpg,562,244,hand,5,468,567,712
frame_0835.jpg,301,104,hand,599,614,900,718
frame_0835.jpg,32,129,hand,1247,6,1279,135
frame_0861.jpg,323,131,hand,7,587,330,718
frame_0861.jpg,284,97,hand,607,621,891,718
frame_0861.jpg,209,220,hand,599,15,808,235
frame_0861.jpg,146,238,hand,1,46,147,284
frame_0870.jpg,199,121,hand,1,595,200,716
frame_0870.jpg,320,89,hand,633,629,953,718
frame_0870.jpg,189,189,hand,628,4,817,193
frame_0870.jpg,307,392,hand,277,178,584,570
frame_0882.jpg,282,57,hand,607,659,889,716
frame_0882.jpg,173,299,hand,563,182,736,481
frame_0882.jpg,176,238,hand,1,137,177,375
frame_0890.jpg,371,203,hand,639,515,1010,718
frame_0890.jpg,207,324,hand,368,222,575,546
frame_0968.jpg,246,252,hand,1,411,247,663
frame_0968.jpg,464,256,hand,732,462,1196,718
frame_0968.jpg,191,191,hand,444,135,635,326
frame_0968.jpg,225,189,hand,202,169,427,358
frame_1012.jpg,182,161,hand,514,82,696,243
frame_1012.jpg,163,203,hand,313,57,476,260
frame_1029.jpg,368,169,hand,807,544,1175,713
frame_1029.jpg,194,133,hand,472,108,666,241
frame_1029.jpg,220,174,hand,243,72,463,246
frame_1062.jpg,361,116,hand,96,602,457,718
frame_1062.jpg,233,49,hand,711,669,944,718
frame_1062.jpg,159,115,hand,715,6,874,121
frame_1062.jpg,140,74,hand,1,0,141,74
frame_1077.jpg,365,212,hand,7,506,372,718
frame_1077.jpg,246,305,hand,840,229,1086,534
frame_1077.jpg,311,259,hand,618,311,929,570
frame_1088.jpg,411,225,hand,65,468,476,693
frame_1088.jpg,254,238,hand,516,474,770,712
frame_1088.jpg,246,288,hand,1029,381,1275,669
frame_1088.jpg,274,237,hand,647,379,921,616
frame_1099.jpg,371,242,hand,56,421,427,663
frame_1099.jpg,327,239,hand,683,479,1010,718
frame_1099.jpg,208,208,hand,1050,343,1258,551
frame_1099.jpg,176,168,hand,548,167,724,335
frame_1114.jpg,381,222,hand,139,483,520,705
frame_1114.jpg,305,114,hand,698,604,1003,718
frame_1114.jpg,233,265,hand,775,326,1008,591
frame_1114.jpg,153,192,hand,200,246,353,438
frame_1250.jpg,371,152,hand,465,566,836,718
frame_1250.jpg,199,159,hand,1078,150,1277,309
frame_1266.jpg,449,174,hand,518,544,967,718
frame_1266.jpg,149,225,hand,1126,220,1275,445
frame_1266.jpg,169,135,hand,813,140,982,275
frame_1277.jpg,475,159,hand,488,559,963,718
frame_1277.jpg,91,210,hand,1188,445,1279,655
frame_1277.jpg,231,255,hand,893,328,1124,583
frame_1340.jpg,314,68,hand,626,650,940,718
frame_1340.jpg,178,244,hand,775,127,953,371
frame_1340.jpg,210,167,hand,56,17,266,184
frame_1341.jpg,315,74,hand,635,644,950,718
frame_1341.jpg,176,248,hand,779,118,955,366
frame_1341.jpg,208,159,hand,60,15,268,174
frame_1353.jpg,432,163,hand,565,555,997,718
frame_1353.jpg,214,233,hand,743,23,957,256
frame_1353.jpg,157,104,hand,255,0,412,104
frame_1368.jpg,465,260,hand,722,458,1187,718
frame_1368.jpg,216,159,hand,571,15,787,174
frame_1370.jpg,450,210,hand,738,506,1188,716
frame_1370.jpg,203,155,hand,510,27,713,182
frame_1382.jpg,354,85,hand,533,633,887,718
frame_1382.jpg,168,278,hand,662,137,830,415
frame_1406.jpg,401,184,hand,766,534,1167,718
frame_1406.jpg,152,246,hand,419,133,571,379
frame_1441.jpg,343,163,hand,493,555,836,718
frame_1441.jpg,197,239,hand,537,72,734,311
frame_1441.jpg,57,197,hand,1,40,58,237
frame_1453.jpg,208,63,hand,533,655,741,718
frame_1453.jpg,195,229,hand,864,144,1059,373
frame_1453.jpg,180,169,hand,63,127,243,296
frame_1476.jpg,331,127,hand,870,591,1201,718
frame_1476.jpg,240,178,hand,770,55,1010,233
frame_1476.jpg,218,125,hand,410,97,628,222
frame_1529.jpg,187,30,hand,499,688,686,718
frame_1529.jpg,176,148,hand,1065,142,1241,290
frame_1550.jpg,365,150,hand,115,568,480,718
frame_1550.jpg,125,193,hand,1154,142,1279,335
frame_1550.jpg,201,123,hand,942,165,1143,288
frame_1557.jpg,436,216,hand,48,489,484,705
frame_1557.jpg,68,159,hand,1211,97,1279,256
frame_1557.jpg,218,125,hand,830,80,1048,205
frame_1607.jpg,239,161,hand,404,125,643,286
frame_1607.jpg,178,212,hand,120,99,298,311
frame_1656.jpg,276,97,hand,505,621,781,718
frame_1656.jpg,246,146,hand,435,57,681,203
frame_1656.jpg,195,185,hand,43,82,238,267
frame_1754.jpg,369,127,hand,480,591,849,718
frame_1754.jpg,227,188,hand,885,85,1112,273
frame_1754.jpg,189,153,hand,520,42,709,195
frame_1789.jpg,522,301,hand,611,417,1133,718
frame_1789.jpg,258,174,hand,478,80,736,254
frame_1789.jpg,187,161,hand,115,0,302,161
frame_1815.jpg,434,226,hand,427,479,861,705
frame_1815.jpg,202,144,hand,609,2,811,146
frame_1815.jpg,324,253,hand,442,226,766,479
frame_1855.jpg,510,223,hand,519,494,1029,717
frame_1855.jpg,233,187,hand,463,23,696,210
frame_1855.jpg,188,189,hand,173,21,361,210
frame_1856.jpg,536,238,hand,530,478,1066,716
frame_1856.jpg,212,197,hand,463,19,675,216
frame_1856.jpg,178,187,hand,173,25,351,212
frame_1897.jpg,326,138,hand,529,580,855,718
frame_1897.jpg,163,209,hand,779,65,942,274
frame_1897.jpg,269,231,hand,46,17,315,248
frame_1900.jpg,176,55,hand,493,663,669,718
frame_1900.jpg,164,203,hand,700,121,864,324
frame_1900.jpg,269,227,hand,281,78,550,305
frame_1906.jpg,157,161,hand,476,110,633,271
frame_1906.jpg,290,231,hand,268,207,558,438
frame_1913.jpg,125,153,hand,650,152,775,305
frame_1913.jpg,252,202,hand,480,243,732,445
frame_1947.jpg,282,155,hand,3,563,285,718
frame_1947.jpg,220,76,hand,1059,642,1279,718
frame_1947.jpg,231,214,hand,923,171,1154,385
frame_1947.jpg,154,201,hand,635,163,789,364
frame_1955.jpg,358,197,hand,56,519,414,716
frame_1955.jpg,390,112,hand,766,606,1156,718
frame_1955.jpg,243,203,hand,828,146,1071,349
frame_1955.jpg,144,193,hand,624,152,768,345
frame_1976.jpg,318,144,hand,103,574,421,718
frame_1976.jpg,258,201,hand,866,163,1124,364
frame_1976.jpg,214,185,hand,652,135,866,320
frame_2024.jpg,144,129,hand,374,110,518,239
frame_2024.jpg,125,146,hand,1,91,126,237
frame_2028.jpg,153,122,hand,355,104,508,226
frame_2028.jpg,176,138,hand,1,38,177,176
frame_2032.jpg,155,114,hand,346,129,501,243
frame_2032.jpg,197,159,hand,10,93,207,252
frame_2071.jpg,301,62,hand,535,652,836,714
frame_2071.jpg,163,146,hand,995,146,1158,292
frame_2071.jpg,191,155,hand,755,169,946,324
frame_2078.jpg,201,169,hand,1078,178,1279,347
frame_2078.jpg,184,154,hand,781,176,965,330
frame_2092.jpg,176,98,hand,1099,205,1275,303
frame_2092.jpg,205,123,hand,707,184,912,307
frame_2114.jpg,240,244,hand,1037,233,1277,477
frame_2114.jpg,185,148,hand,660,193,845,341
frame_2129.jpg,324,85,hand,601,633,925,718
frame_2129.jpg,202,148,hand,823,161,1025,309
frame_2129.jpg,190,153,hand,457,182,647,335
frame_2143.jpg,197,163,hand,779,19,976,182
frame_2143.jpg,185,163,hand,520,34,705,197
frame_2170.jpg,371,125,hand,541,593,912,718
frame_2170.jpg,193,182,hand,749,144,942,326
frame_2170.jpg,187,173,hand,552,121,739,294
frame_2190.jpg,180,46,hand,582,672,762,718
frame_2190.jpg,182,185,hand,764,116,946,301
frame_2190.jpg,185,165,hand,520,106,705,271
frame_2197.jpg,167,159,hand,690,127,857,286
frame_2197.jpg,168,161,hand,452,110,620,271
frame_2203.jpg,407,182,hand,54,536,461,718
frame_2203.jpg,152,146,hand,603,104,755,250
frame_2203.jpg,168,127,hand,200,104,368,231
frame_2216.jpg,161,195,hand,300,110,461,305
frame_2237.jpg,185,46,hand,782,671,967,717
frame_2237.jpg,153,217,hand,660,315,813,532
frame_2237.jpg,215,182,hand,257,352,472,534
frame_2239.jpg,146,49,hand,712,668,858,717
frame_2239.jpg,152,210,hand,705,326,857,536
frame_2239.jpg,219,173,hand,274,354,493,527
frame_2244.jpg,122,40,hand,614,676,736,716
frame_2244.jpg,193,239,hand,840,360,1033,599
frame_2244.jpg,224,189,hand,332,383,556,572
frame_2247.jpg,280,114,hand,590,604,870,718
frame_2247.jpg,182,237,hand,885,362,1067,599
frame_2247.jpg,221,171,hand,378,356,599,527
frame_2274.jpg,365,191,hand,96,527,461,718
frame_2274.jpg,189,59,hand,925,659,1114,718
frame_2274.jpg,134,157,hand,361,252,495,409
frame_2335.jpg,176,227,hand,1,313,177,540
frame_2335.jpg,354,239,hand,923,479,1277,718
frame_2335.jpg,210,214,hand,842,273,1052,487
frame_2335.jpg,151,205,hand,465,214,616,419
frame_2352.jpg,513,254,hand,5,464,518,718
frame_2352.jpg,445,265,hand,510,447,955,712
frame_2352.jpg,234,161,hand,808,239,1042,400
frame_2352.jpg,216,240,hand,277,222,493,462
frame_2402.jpg,402,195,hand,46,521,448,716
frame_2402.jpg,320,169,hand,541,549,861,718
frame_2402.jpg,42,263,hand,1237,436,1279,699
frame_2402.jpg,277,276,hand,775,402,1052,678
frame_2434.jpg,337,127,hand,3,591,340,718
frame_2434.jpg,259,93,hand,624,625,883,718
frame_2434.jpg,280,237,hand,974,428,1254,665
frame_2434.jpg,248,220,hand,637,405,885,625
frame_2462.jpg,381,231,hand,71,487,452,718
frame_2462.jpg,358,119,hand,724,599,1082,718
frame_2462.jpg,189,255,hand,1090,349,1279,604
frame_2462.jpg,148,199,hand,548,233,696,432
frame_2490.jpg,367,174,hand,605,544,972,718
frame_2490.jpg,224,235,hand,531,324,755,559
frame_2490.jpg,144,188,hand,24,214,168,402
frame_2507.jpg,303,106,hand,792,612,1095,718
frame_2507.jpg,225,256,hand,550,360,775,616
frame_2548.jpg,174,216,hand,338,110,512,326
frame_2565.jpg,212,246,hand,662,137,874,383
frame_2570.jpg,252,331,hand,713,273,965,604
frame_2615.jpg,173,43,hand,779,675,952,718
frame_2615.jpg,42,165,hand,1,345,43,510
frame_2635.jpg,330,72,hand,828,646,1158,718
frame_2635.jpg,188,226,hand,152,479,340,705
frame_2664.jpg,456,363,hand,1,279,457,642
frame_2664.jpg,139,37,hand,597,676,736,713
frame_2664.jpg,158,44,hand,205,674,363,718
frame_2687.jpg,294,225,hand,211,413,505,638
frame_0026.jpg,354,325,hand,3,392,357,717
frame_0026.jpg,427,352,hand,598,366,1025,718
frame_0026.jpg,250,134,hand,645,198,895,332
frame_0026.jpg,177,178,hand,138,197,315,375
frame_0090.jpg,288,240,hand,11,469,299,709
frame_0090.jpg,522,338,hand,536,379,1058,717
frame_0090.jpg,178,234,hand,682,111,860,345
frame_0090.jpg,213,219,hand,19,155,232,374
frame_0131.jpg,190,365,hand,1,351,191,716
frame_0131.jpg,450,119,hand,526,598,976,717
frame_0131.jpg,161,214,hand,1117,107,1278,321
frame_0131.jpg,214,156,hand,627,89,841,245
frame_0140.jpg,207,238,hand,2,384,209,622
frame_0140.jpg,610,146,hand,656,567,1266,713
frame_0140.jpg,278,160,hand,798,144,1076,304
frame_0140.jpg,190,165,hand,532,97,722,262
frame_0141.jpg,202,231,hand,6,383,208,614
frame_0141.jpg,532,112,hand,700,606,1232,718
frame_0141.jpg,288,164,hand,784,147,1072,311
frame_0141.jpg,190,153,hand,501,99,691,252
frame_0162.jpg,269,134,hand,510,138,779,272
frame_0162.jpg,207,156,hand,250,115,457,271
frame_0224.jpg,203,249,hand,1,469,204,718
frame_0224.jpg,495,86,hand,523,630,1018,716
frame_0224.jpg,278,250,hand,968,4,1246,254
frame_0224.jpg,173,202,hand,258,20,431,222
frame_0252.jpg,368,362,hand,9,347,377,709
frame_0252.jpg,476,355,hand,532,329,1008,684
frame_0252.jpg,183,197,hand,823,99,1006,296
frame_0252.jpg,182,153,hand,251,138,433,291
frame_0259.jpg,397,315,hand,1,399,398,714
frame_0259.jpg,462,339,hand,568,375,1030,714
frame_0259.jpg,212,161,hand,740,98,952,259
frame_0259.jpg,186,179,hand,254,153,440,332
frame_0280.jpg,381,277,hand,1,440,382,717
frame_0280.jpg,566,273,hand,459,439,1025,712
frame_0280.jpg,177,136,hand,659,164,836,300
frame_0280.jpg,205,103,hand,143,155,348,258
frame_0307.jpg,197,223,hand,2,482,199,705
frame_0307.jpg,629,161,hand,539,556,1168,717
frame_0307.jpg,211,136,hand,701,109,912,245
frame_0307.jpg,192,114,hand,340,94,532,208
frame_0331.jpg,329,170,hand,3,548,332,718
frame_0331.jpg,408,124,hand,552,594,960,718
frame_0331.jpg,245,186,hand,959,103,1204,289
frame_0331.jpg,182,159,hand,387,107,569,266
frame_0334.jpg,343,170,hand,2,548,345,718
frame_0334.jpg,403,70,hand,506,648,909,718
frame_0334.jpg,275,194,hand,891,128,1166,322
frame_0334.jpg,221,200,hand,302,146,523,346
frame_0428.jpg,278,165,hand,528,86,806,251
frame_0428.jpg,50,228,hand,2,60,52,288
frame_0439.jpg,294,175,hand,564,99,858,274
frame_0439.jpg,174,168,hand,5,119,179,287
frame_0456.jpg,678,283,hand,601,433,1279,716
frame_0456.jpg,241,157,hand,629,155,870,312
frame_0456.jpg,144,175,hand,2,85,146,260
frame_0528.jpg,233,272,hand,1,329,234,601
frame_0528.jpg,447,234,hand,431,450,878,684
frame_0528.jpg,204,305,hand,1075,254,1279,559
frame_0534.jpg,349,274,hand,7,399,356,673
frame_0534.jpg,404,274,hand,538,399,942,673
frame_0534.jpg,250,285,hand,1029,239,1279,524
frame_0550.jpg,246,240,hand,7,370,253,610
frame_0550.jpg,530,394,hand,588,151,1118,545
frame_0577.jpg,253,188,hand,2,518,255,706
frame_0577.jpg,543,201,hand,616,516,1159,717
frame_0577.jpg,285,277,hand,548,254,833,531
frame_0577.jpg,75,152,hand,7,354,82,506
frame_0580.jpg,311,197,hand,2,446,313,643
frame_0580.jpg,548,176,hand,555,540,1103,716
frame_0580.jpg,289,314,hand,539,245,828,559
frame_0580.jpg,73,130,hand,2,338,75,468
frame_0588.jpg,185,133,hand,2,585,187,718
frame_0588.jpg,532,167,hand,601,551,1133,718
frame_0588.jpg,301,215,hand,404,209,705,424
frame_0596.jpg,394,177,hand,1,540,395,717
frame_0596.jpg,549,131,hand,555,586,1104,717
frame_0596.jpg,440,255,hand,214,243,654,498
frame_0596.jpg,235,287,hand,7,243,242,530
frame_0598.jpg,335,189,hand,1,527,336,716
frame_0598.jpg,333,287,hand,366,262,699,549
frame_0598.jpg,277,274,hand,6,252,283,526
frame_0613.jpg,256,162,hand,2,555,258,717
frame_0613.jpg,595,155,hand,542,563,1137,718
frame_0613.jpg,341,299,hand,476,264,817,563
frame_0613.jpg,313,396,hand,11,204,324,600
frame_0632.jpg,326,182,hand,3,536,329,718
frame_0632.jpg,493,128,hand,497,586,990,714
frame_0632.jpg,331,274,hand,646,333,977,607
frame_0632.jpg,277,405,hand,242,239,519,644
frame_0638.jpg,286,191,hand,2,526,288,717
frame_0638.jpg,445,124,hand,522,594,967,718
frame_0638.jpg,304,247,hand,680,114,984,361
frame_0638.jpg,252,213,hand,166,105,418,318
frame_0651.jpg,85,105,hand,1,611,86,716
frame_0651.jpg,382,211,hand,565,506,947,717
frame_0651.jpg,283,231,hand,812,258,1095,489
frame_0651.jpg,62,221,hand,6,219,68,440
frame_0658.jpg,98,59,hand,2,658,100,717
frame_0658.jpg,530,250,hand,617,468,1147,718
frame_0658.jpg,268,210,hand,779,209,1047,419
frame_0696.jpg,221,179,hand,1,537,222,716
frame_0696.jpg,604,135,hand,476,581,1080,716
frame_0696.jpg,310,229,hand,889,84,1199,313
frame_0696.jpg,275,222,hand,542,78,817,300
frame_0697.jpg,203,175,hand,2,543,205,718
frame_0697.jpg,480,154,hand,535,560,1015,714
frame_0697.jpg,300,217,hand,895,101,1195,318
frame_0697.jpg,283,227,hand,531,70,814,297
frame_0709.jpg,208,198,hand,2,519,210,717
frame_0709.jpg,443,184,hand,444,532,887,716
frame_0709.jpg,326,165,hand,717,99,1043,264
frame_0709.jpg,264,231,hand,319,41,583,272
frame_0724.jpg,258,337,hand,1,380,259,717
frame_0724.jpg,334,164,hand,815,157,1149,321
frame_0724.jpg,226,183,hand,312,110,538,293
frame_0766.jpg,314,206,hand,6,506,320,712
frame_0766.jpg,475,165,hand,514,549,989,714
frame_0766.jpg,261,220,hand,880,163,1141,383
frame_0766.jpg,271,174,hand,532,179,803,353
frame_0768.jpg,289,191,hand,3,523,292,714
frame_0768.jpg,474,158,hand,528,555,1002,713
frame_0768.jpg,247,211,hand,853,181,1100,392
frame_0768.jpg,274,171,hand,514,194,788,365
frame_0864.jpg,176,99,hand,1,617,177,716
frame_0864.jpg,411,278,hand,604,436,1015,714
frame_0917.jpg,91,84,hand,2,556,93,640
frame_0917.jpg,515,273,hand,635,445,1150,718
frame_0917.jpg,307,169,hand,210,176,517,345
frame_0960.jpg,565,267,hand,11,281,576,548
frame_0960.jpg,514,175,hand,612,534,1126,709
frame_0960.jpg,250,147,hand,234,53,484,200
frame_1019.jpg,214,165,hand,11,507,225,672
frame_1019.jpg,638,312,hand,567,406,1205,718
frame_1019.jpg,268,194,hand,1011,139,1279,333
frame_1019.jpg,315,167,hand,653,169,968,336
frame_1027.jpg,247,207,hand,7,473,254,680
frame_1027.jpg,591,298,hand,526,420,1117,718
frame_1027.jpg,278,192,hand,996,136,1274,328
frame_1027.jpg,313,158,hand,627,138,940,296
frame_1039.jpg,328,230,hand,3,441,331,671
frame_1039.jpg,599,328,hand,451,388,1050,716
frame_1039.jpg,280,201,hand,951,90,1231,291
frame_1039.jpg,303,176,hand,608,32,911,208
frame_1065.jpg,125,210,hand,5,382,130,592
frame_1065.jpg,797,298,hand,482,415,1279,713
frame_1065.jpg,327,115,hand,827,4,1154,119
frame_1065.jpg,245,159,hand,443,37,688,196
frame_1077.jpg,759,317,hand,515,395,1274,712
frame_1077.jpg,293,164,hand,350,0,643,164
frame_1077.jpg,74,170,hand,7,11,81,181
frame_1110.jpg,272,207,hand,7,432,279,639
frame_1110.jpg,607,332,hand,319,341,926,673
frame_1110.jpg,371,173,hand,720,8,1091,181
frame_1110.jpg,285,211,hand,291,98,576,309
frame_1115.jpg,299,305,hand,5,413,304,718
frame_1115.jpg,651,344,hand,387,374,1038,718
frame_1115.jpg,161,63,hand,1108,2,1269,65
frame_1115.jpg,305,241,hand,299,68,604,309
frame_1145.jpg,239,173,hand,6,461,245,634
frame_1145.jpg,542,228,hand,385,481,927,709
frame_1145.jpg,284,196,hand,775,101,1059,297
frame_1145.jpg,228,131,hand,241,95,469,226
frame_1254.jpg,308,298,hand,1,353,309,651
frame_1254.jpg,740,390,hand,539,322,1279,712
frame_1254.jpg,370,318,hand,188,134,558,452
frame_1254.jpg,68,102,hand,7,114,75,216
frame_1295.jpg,218,111,hand,2,607,220,718
frame_1295.jpg,439,146,hand,840,567,1279,713
frame_1295.jpg,313,180,hand,515,157,828,337
frame_1295.jpg,239,148,hand,243,155,482,303
frame_1298.jpg,199,120,hand,1,598,200,718
frame_1298.jpg,463,148,hand,815,568,1278,716
frame_1298.jpg,339,171,hand,477,153,816,324
frame_1298.jpg,230,169,hand,242,152,472,321
frame_1302.jpg,209,75,hand,9,643,218,718
frame_1302.jpg,521,164,hand,758,553,1279,717
frame_1302.jpg,340,227,hand,505,118,845,345
frame_1302.jpg,228,188,hand,249,136,477,324
frame_1317.jpg,253,54,hand,13,663,266,717
frame_1317.jpg,417,88,hand,601,626,1018,714
frame_1317.jpg,396,295,hand,353,242,749,537
frame_1317.jpg,237,176,hand,354,0,591,176
frame_1322.jpg,651,309,hand,572,409,1223,718
frame_1322.jpg,365,230,hand,286,248,651,478
frame_1322.jpg,252,180,hand,22,142,274,322
frame_1330.jpg,231,120,hand,9,576,240,696
frame_1330.jpg,539,226,hand,564,486,1103,712
frame_1330.jpg,382,213,hand,271,183,653,396
frame_1330.jpg,240,171,hand,14,216,254,387
frame_1368.jpg,666,179,hand,608,530,1274,709
frame_1368.jpg,313,240,hand,291,56,604,296
frame_1368.jpg,203,189,hand,1,102,204,291
frame_1411.jpg,248,221,hand,1,497,249,718
frame_1411.jpg,661,285,hand,617,428,1278,713
frame_1411.jpg,258,200,hand,3,130,261,330
frame_1457.jpg,301,215,hand,1,501,302,716
frame_1457.jpg,62,165,hand,1217,157,1279,322
frame_1457.jpg,313,152,hand,746,176,1059,328
frame_1503.jpg,415,260,hand,1,454,416,714
frame_1503.jpg,718,237,hand,531,477,1249,714
frame_1503.jpg,287,215,hand,360,23,647,238
frame_1503.jpg,105,140,hand,5,192,110,332
frame_1542.jpg,342,293,hand,7,365,349,658
frame_1542.jpg,720,194,hand,481,523,1201,717
frame_1542.jpg,295,176,hand,468,3,763,179
frame_1542.jpg,334,176,hand,102,32,436,208
frame_1552.jpg,311,345,hand,6,373,317,718
frame_1552.jpg,663,258,hand,436,460,1099,718
frame_1552.jpg,304,187,hand,513,3,817,190
frame_1552.jpg,298,155,hand,176,31,474,186
frame_1573.jpg,280,202,hand,3,516,283,718
frame_1573.jpg,668,360,hand,431,353,1099,713
frame_1573.jpg,263,191,hand,436,44,699,235
frame_1573.jpg,169,205,hand,2,144,171,349
frame_1575.jpg,297,196,hand,7,522,304,718
frame_1575.jpg,648,360,hand,494,358,1142,718
frame_1575.jpg,241,199,hand,460,43,701,242
frame_1575.jpg,183,204,hand,10,146,193,350
frame_1582.jpg,376,177,hand,1,541,377,718
frame_1582.jpg,641,371,hand,638,346,1279,717
frame_1582.jpg,222,179,hand,543,15,765,194
frame_1582.jpg,142,187,hand,5,130,147,317
frame_1635.jpg,145,214,hand,10,425,155,639
frame_1635.jpg,542,318,hand,385,398,927,716
frame_1635.jpg,271,176,hand,370,70,641,246
frame_1635.jpg,391,208,hand,6,126,397,334
frame_1643.jpg,338,206,hand,2,511,340,717
frame_1643.jpg,572,324,hand,350,359,922,683
frame_1643.jpg,275,174,hand,432,101,707,275
frame_1643.jpg,350,209,hand,52,135,402,344
frame_1661.jpg,275,255,hand,7,462,282,717
frame_1661.jpg,823,421,hand,335,297,1158,718
frame_1661.jpg,266,178,hand,368,69,634,247
frame_1661.jpg,298,187,hand,27,109,325,296
frame_1667.jpg,310,407,hand,14,295,324,702
frame_1667.jpg,734,387,hand,316,272,1050,659
frame_1667.jpg,250,196,hand,447,45,697,241
frame_1667.jpg,281,165,hand,150,97,431,262
frame_1672.jpg,221,327,hand,1,391,222,718
frame_1672.jpg,636,355,hand,296,242,932,597
frame_1672.jpg,267,157,hand,440,73,707,230
frame_1672.jpg,247,151,hand,121,127,368,278
frame_1681.jpg,113,266,hand,1,452,114,718
frame_1681.jpg,558,331,hand,542,373,1100,704
frame_1681.jpg,274,165,hand,30,77,304,242
frame_1743.jpg,372,248,hand,1,465,373,713
frame_1743.jpg,421,66,hand,596,652,1017,718
frame_1743.jpg,294,209,hand,878,123,1172,332
frame_1743.jpg,351,173,hand,482,139,833,312
frame_1756.jpg,350,235,hand,3,482,353,717
frame_1756.jpg,386,53,hand,594,665,980,718
frame_1756.jpg,231,276,hand,1048,180,1279,456
frame_1756.jpg,348,190,hand,502,102,850,292
frame_1773.jpg,281,194,hand,5,522,286,716
frame_1773.jpg,511,174,hand,387,544,898,718
frame_1773.jpg,260,281,hand,1006,201,1266,482
frame_1773.jpg,265,207,hand,35,110,300,317
frame_1782.jpg,298,258,hand,5,460,303,718
frame_1782.jpg,831,262,hand,254,454,1085,716
frame_1782.jpg,259,215,hand,1008,97,1267,312
frame_1782.jpg,104,244,hand,5,52,109,296
frame_1847.jpg,216,206,hand,1,504,217,710
frame_1847.jpg,225,256,hand,205,346,430,602
frame_1911.jpg,757,349,hand,484,359,1241,708
frame_1911.jpg,230,239,hand,630,0,860,239
frame_1911.jpg,326,290,hand,135,44,461,334
frame_1922.jpg,690,375,hand,575,341,1265,716
frame_1922.jpg,250,210,hand,554,8,804,218
frame_1922.jpg,310,228,hand,203,48,513,276
frame_1986.jpg,233,221,hand,13,479,246,700
frame_1986.jpg,638,290,hand,498,420,1136,710
frame_1986.jpg,376,255,hand,280,136,656,391
frame_1986.jpg,133,217,hand,1,66,134,283
frame_2018.jpg,276,394,hand,2,258,278,652
frame_2018.jpg,706,455,hand,484,254,1190,709
frame_2018.jpg,412,284,hand,242,99,654,383
frame_2018.jpg,220,222,hand,97,4,317,226
frame_2082.jpg,228,70,hand,2,646,230,716
frame_2082.jpg,336,307,hand,939,407,1275,714
frame_2082.jpg,356,219,hand,517,189,873,408
frame_2082.jpg,261,185,hand,238,251,499,436
frame_2104.jpg,523,264,hand,755,454,1278,718
frame_2104.jpg,356,229,hand,188,198,544,427
frame_2108.jpg,551,289,hand,711,420,1262,709
frame_2108.jpg,341,209,hand,122,204,463,413
frame_2151.jpg,380,211,hand,899,503,1279,714
frame_2151.jpg,248,215,hand,307,6,555,221
frame_2151.jpg,159,165,hand,3,31,162,196
frame_2166.jpg,636,332,hand,448,384,1084,716
frame_2166.jpg,236,211,hand,430,72,666,283
frame_2166.jpg,248,283,hand,56,0,304,283
frame_2185.jpg,528,515,hand,635,201,1163,716
frame_2185.jpg,294,187,hand,323,3,617,190
frame_2185.jpg,218,177,hand,3,2,221,179
frame_2188.jpg,493,426,hand,577,288,1070,714
frame_2188.jpg,302,239,hand,274,6,576,245
frame_2188.jpg,176,204,hand,3,29,179,233
frame_2212.jpg,254,296,hand,573,95,827,391
frame_2212.jpg,57,156,hand,7,285,64,441
frame_2223.jpg,285,342,hand,992,164,1277,506
frame_2223.jpg,418,441,hand,1,248,419,689
frame_2238.jpg,369,298,hand,1,420,370,718
frame_2238.jpg,362,408,hand,905,148,1267,556
frame_2238.jpg,570,388,hand,511,330,1081,718
frame_2288.jpg,216,181,hand,13,512,229,693
frame_2288.jpg,512,483,hand,759,227,1271,710
frame_2288.jpg,279,325,hand,606,45,885,370
frame_2288.jpg,455,333,hand,2,144,457,477
frame_2318.jpg,160,111,hand,6,603,166,714
frame_2318.jpg,584,124,hand,476,594,1060,718
frame_2318.jpg,279,335,hand,637,123,916,458
frame_2318.jpg,167,260,hand,1,45,168,305
frame_2320.jpg,128,91,hand,5,626,133,717
frame_2320.jpg,481,92,hand,540,626,1021,718
frame_2320.jpg,276,325,hand,621,153,897,478
frame_2320.jpg,225,314,hand,1,4,226,318
frame_2324.jpg,163,89,hand,5,629,168,718
frame_2324.jpg,512,93,hand,525,625,1037,718
frame_2324.jpg,267,306,hand,614,151,881,457
frame_2324.jpg,416,220,hand,40,120,456,340
frame_2416.jpg,131,51,hand,127,663,258,714
frame_2416.jpg,712,254,hand,476,464,1188,718
frame_2416.jpg,252,269,hand,551,93,803,362
frame_2416.jpg,239,303,hand,3,231,242,534
frame_2482.jpg,207,107,hand,10,605,217,712
frame_2482.jpg,623,323,hand,572,386,1195,709
frame_2482.jpg,241,286,hand,400,234,641,520
frame_2482.jpg,332,203,hand,5,279,337,482
frame_2499.jpg,233,188,hand,5,514,238,702
frame_2499.jpg,573,321,hand,481,391,1054,712
frame_2499.jpg,240,230,hand,472,292,712,522
frame_2499.jpg,398,272,hand,13,283,411,555
frame_2524.jpg,69,75,hand,10,605,79,680
frame_2524.jpg,126,87,hand,1153,627,1279,714
frame_2524.jpg,145,233,hand,653,380,798,613
frame_2524.jpg,399,267,hand,131,351,530,618
frame_2536.jpg,491,205,hand,11,512,502,717
frame_2536.jpg,596,254,hand,625,460,1221,714
frame_2536.jpg,252,234,hand,228,276,480,510
frame_2536.jpg,189,251,hand,3,296,192,547
frame_2567.jpg,289,353,hand,10,363,299,716
frame_2567.jpg,475,341,hand,804,371,1279,712
frame_2567.jpg,231,114,hand,1006,264,1237,378
frame_2567.jpg,90,156,hand,6,242,96,398
frame_2578.jpg,314,266,hand,7,289,321,555
frame_2578.jpg,575,475,hand,700,204,1275,679
frame_2578.jpg,318,143,hand,961,65,1279,208
frame_2578.jpg,235,214,hand,19,66,254,280
frame_2674.jpg,534,330,hand,422,337,956,667
frame_2674.jpg,120,249,hand,7,303,127,552
frame_2682.jpg,503,281,hand,391,432,894,713
frame_2682.jpg,93,229,hand,1,279,94,508
frame_0015.jpg,305,88,hand,28,624,333,712
frame_0015.jpg,271,269,hand,624,342,895,611
frame_0015.jpg,209,248,hand,297,200,506,448
frame_0015.jpg,50,285,hand,6,333,56,618
frame_0024.jpg,249,42,hand,172,670,421,712
frame_0024.jpg,264,158,hand,764,280,1028,438
frame_0024.jpg,200,230,hand,394,252,594,482
frame_0024.jpg,105,258,hand,5,456,110,714
frame_0029.jpg,253,61,hand,153,653,406,714
frame_0029.jpg,197,214,hand,832,228,1029,442
frame_0029.jpg,204,212,hand,416,217,620,429
frame_0029.jpg,122,277,hand,1,434,123,711
frame_0039.jpg,176,118,hand,1096,598,1272,716
frame_0039.jpg,171,206,hand,862,83,1033,289
frame_0039.jpg,217,207,hand,448,185,665,392
frame_0044.jpg,98,22,hand,258,697,356,719
frame_0044.jpg,179,188,hand,835,87,1014,275
frame_0044.jpg,153,206,hand,455,147,608,353
frame_0108.jpg,37,21,hand,624,693,661,714
frame_0108.jpg,146,165,hand,527,228,673,393
frame_0108.jpg,162,145,hand,269,170,431,315
frame_0150.jpg,229,81,hand,582,632,811,713
frame_0150.jpg,195,228,hand,962,276,1157,504
frame_0150.jpg,149,182,hand,512,196,661,378
frame_0169.jpg,224,178,hand,780,537,1004,715
frame_0169.jpg,178,168,hand,703,292,881,460
frame_0169.jpg,198,139,hand,346,284,544,423
frame_0186.jpg,318,218,hand,873,495,1191,713
frame_0186.jpg,178,164,hand,599,180,777,344
frame_0186.jpg,199,133,hand,155,194,354,327
frame_0204.jpg,281,250,hand,730,465,1011,715
frame_0204.jpg,123,158,hand,761,230,884,388
frame_0204.jpg,144,135,hand,586,221,730,356
frame_0205.jpg,291,221,hand,737,490,1028,711
frame_0205.jpg,121,159,hand,765,226,886,385
frame_0205.jpg,139,125,hand,575,224,714,349
frame_0216.jpg,216,105,hand,831,614,1047,719
frame_0216.jpg,159,149,hand,366,219,525,368
frame_0216.jpg,171,158,hand,73,218,244,376
frame_0238.jpg,186,40,hand,257,679,443,719
frame_0238.jpg,232,331,hand,594,334,826,665
frame_0238.jpg,174,162,hand,327,205,501,367
frame_0239.jpg,169,31,hand,259,686,428,717
frame_0239.jpg,235,319,hand,598,341,833,660
frame_0239.jpg,172,167,hand,330,201,502,368
frame_0268.jpg,162,192,hand,724,275,886,467
frame_0268.jpg,258,281,hand,591,408,849,689
frame_0311.jpg,182,129,hand,955,585,1137,714
frame_0311.jpg,189,213,hand,774,201,963,414
frame_0311.jpg,181,240,hand,249,249,430,489
frame_0342.jpg,230,71,hand,996,644,1226,715
frame_0342.jpg,142,163,hand,507,133,649,296
frame_0342.jpg,97,179,hand,8,138,105,317
frame_0356.jpg,279,55,hand,562,657,841,712
frame_0356.jpg,249,221,hand,150,180,399,401
frame_0356.jpg,106,187,hand,3,150,109,337
frame_0371.jpg,311,172,hand,8,541,319,713
frame_0371.jpg,284,67,hand,620,651,904,718
frame_0371.jpg,208,171,hand,331,86,539,257
frame_0371.jpg,146,160,hand,9,162,155,322
frame_0472.jpg,332,255,hand,64,457,396,712
frame_0472.jpg,234,298,hand,660,279,894,577
frame_0472.jpg,174,221,hand,561,77,735,298
frame_0472.jpg,168,137,hand,290,5,458,142
frame_0502.jpg,274,88,hand,100,627,374,715
frame_0502.jpg,277,143,hand,845,575,1122,718
frame_0502.jpg,176,192,hand,764,179,940,371
frame_0502.jpg,169,162,hand,363,172,532,334
frame_0516.jpg,138,21,hand,156,695,294,716
frame_0516.jpg,234,192,hand,721,523,955,715
frame_0516.jpg,127,222,hand,570,268,697,490
frame_0516.jpg,209,199,hand,183,319,392,518
frame_0564.jpg,317,157,hand,11,560,328,717
frame_0564.jpg,248,182,hand,596,386,844,568
frame_0564.jpg,143,168,hand,634,227,777,395
frame_0564.jpg,180,173,hand,380,246,560,419
frame_0573.jpg,324,207,hand,5,509,329,716
frame_0573.jpg,322,237,hand,691,344,1013,581
frame_0573.jpg,147,148,hand,671,203,818,351
frame_0573.jpg,191,162,hand,433,230,624,392
frame_0655.jpg,235,183,hand,787,334,1022,517
frame_0655.jpg,174,165,hand,410,280,584,445
frame_0655.jpg,145,123,hand,215,265,360,388
frame_0712.jpg,294,80,hand,162,634,456,714
frame_0712.jpg,262,81,hand,666,633,928,714
frame_0712.jpg,171,211,hand,813,112,984,323
frame_0712.jpg,189,251,hand,231,277,420,528
frame_0715.jpg,312,86,hand,157,628,469,714
frame_0715.jpg,275,88,hand,655,625,930,713
frame_0715.jpg,190,219,hand,852,99,1042,318
frame_0715.jpg,230,241,hand,219,275,449,516
frame_0752.jpg,225,44,hand,932,668,1157,712
frame_0752.jpg,155,159,hand,356,76,511,235
frame_0752.jpg,165,161,hand,8,88,173,249
frame_0763.jpg,431,234,hand,653,482,1084,716
frame_0763.jpg,121,176,hand,388,155,509,331
frame_0763.jpg,180,181,hand,97,181,277,362
frame_0768.jpg,309,97,hand,203,618,512,715
frame_0768.jpg,348,225,hand,782,460,1130,685
frame_0768.jpg,138,190,hand,402,164,540,354
frame_0768.jpg,170,177,hand,127,204,297,381
frame_0771.jpg,322,122,hand,406,594,728,716
frame_0771.jpg,141,203,hand,1134,475,1275,678
frame_0771.jpg,153,172,hand,571,182,724,354
frame_0771.jpg,146,178,hand,315,193,461,371
frame_0776.jpg,351,209,hand,500,501,851,710
frame_0776.jpg,158,188,hand,702,92,860,280
frame_0776.jpg,157,178,hand,479,108,636,286
frame_0779.jpg,305,244,hand,370,460,675,704
frame_0779.jpg,121,303,hand,1158,399,1279,702
frame_0779.jpg,182,165,hand,672,59,854,224
frame_0779.jpg,138,148,hand,453,56,591,204
frame_0793.jpg,357,294,hand,8,419,365,713
frame_0793.jpg,537,297,hand,736,420,1273,717
frame_0793.jpg,201,172,hand,531,41,732,213
frame_0793.jpg,149,198,hand,259,47,408,245
frame_0811.jpg,361,256,hand,134,452,495,708
frame_0811.jpg,559,248,hand,690,466,1249,714
frame_0811.jpg,194,104,hand,471,8,665,112
frame_0811.jpg,165,109,hand,48,3,213,112
frame_0822.jpg,440,192,hand,154,524,594,716
frame_0822.jpg,505,198,hand,622,519,1127,717
frame_0822.jpg,159,172,hand,652,14,811,186
frame_0822.jpg,166,169,hand,105,16,271,185
frame_0859.jpg,405,156,hand,120,561,525,717
frame_0859.jpg,541,191,hand,636,525,1177,716
frame_0859.jpg,188,175,hand,361,9,549,184
frame_0859.jpg,133,147,hand,137,50,270,197
frame_0909.jpg,332,281,hand,939,265,1271,546
frame_0909.jpg,209,184,hand,300,153,509,337
frame_0909.jpg,191,188,hand,79,190,270,378
frame_0911.jpg,241,280,hand,1035,315,1276,595
frame_0911.jpg,216,186,hand,339,149,555,335
frame_0911.jpg,182,181,hand,119,187,301,368
frame_0938.jpg,324,231,hand,211,418,535,649
frame_0938.jpg,297,163,hand,635,550,932,713
frame_0938.jpg,175,179,hand,833,168,1008,347
frame_0938.jpg,169,138,hand,474,115,643,253
frame_0943.jpg,342,228,hand,205,408,547,636
frame_0943.jpg,282,249,hand,567,465,849,714
frame_0943.jpg,125,168,hand,888,135,1013,303
frame_0943.jpg,182,143,hand,497,92,679,235
frame_1009.jpg,161,45,hand,701,666,862,711
frame_1009.jpg,247,286,hand,905,320,1152,606
frame_1009.jpg,149,138,hand,395,191,544,329
frame_1015.jpg,163,22,hand,261,695,424,717
frame_1015.jpg,228,39,hand,588,680,816,719
frame_1015.jpg,259,300,hand,840,293,1099,593
frame_1015.jpg,157,141,hand,299,201,456,342
frame_1066.jpg,194,60,hand,391,657,585,717
frame_1066.jpg,392,216,hand,602,499,994,715
frame_1066.jpg,200,188,hand,853,185,1053,373
frame_1066.jpg,142,140,hand,408,152,550,292
frame_1095.jpg,319,198,hand,274,509,593,707
frame_1095.jpg,252,176,hand,1022,207,1274,383
frame_1095.jpg,152,158,hand,482,158,634,316
frame_1122.jpg,313,173,hand,603,543,916,716
frame_1122.jpg,165,191,hand,403,269,568,460
frame_1122.jpg,186,169,hand,5,316,191,485
frame_1159.jpg,260,57,hand,199,657,459,714
frame_1159.jpg,295,148,hand,635,566,930,714
frame_1159.jpg,131,185,hand,719,173,850,358
frame_1159.jpg,164,159,hand,444,177,608,336
frame_1210.jpg,387,203,hand,830,511,1217,714
frame_1210.jpg,156,213,hand,675,224,831,437
frame_1210.jpg,172,197,hand,250,254,422,451
frame_1213.jpg,135,12,hand,346,702,481,714
frame_1213.jpg,324,207,hand,852,503,1176,710
frame_1213.jpg,158,216,hand,666,235,824,451
frame_1213.jpg,160,186,hand,292,259,452,445
frame_1244.jpg,217,15,hand,36,701,253,716
frame_1244.jpg,354,211,hand,754,432,1108,643
frame_1244.jpg,165,194,hand,406,235,571,429
frame_1244.jpg,165,146,hand,6,141,171,287
frame_1250.jpg,287,115,hand,10,598,297,713
frame_1250.jpg,320,238,hand,951,432,1271,670
frame_1250.jpg,166,172,hand,519,191,685,363
frame_1250.jpg,162,132,hand,118,125,280,257
frame_1273.jpg,108,16,hand,268,701,376,717
frame_1273.jpg,291,190,hand,563,388,854,578
frame_1273.jpg,176,142,hand,597,159,773,301
frame_1273.jpg,130,138,hand,251,109,381,247
frame_1332.jpg,374,197,hand,82,522,456,719
frame_1332.jpg,326,243,hand,951,471,1277,714
frame_1332.jpg,164,171,hand,810,154,974,325
frame_1332.jpg,196,200,hand,291,200,487,400
frame_1348.jpg,327,224,hand,127,488,454,712
frame_1348.jpg,245,225,hand,1033,487,1278,712
frame_1348.jpg,214,212,hand,692,229,906,441
frame_1348.jpg,200,231,hand,429,202,629,433
frame_1371.jpg,97,86,hand,2,531,99,617
frame_1371.jpg,340,234,hand,700,484,1040,718
frame_1371.jpg,228,195,hand,429,269,657,464
frame_1371.jpg,215,205,hand,194,271,409,476
frame_1398.jpg,182,222,hand,1096,424,1278,646
frame_1398.jpg,235,162,hand,458,266,693,428
frame_1398.jpg,183,188,hand,235,251,418,439
frame_1412.jpg,281,92,hand,154,623,435,715
frame_1412.jpg,416,244,hand,629,469,1045,713
frame_1412.jpg,226,174,hand,689,225,915,399
frame_1412.jpg,161,195,hand,470,212,631,407
frame_1424.jpg,282,136,hand,125,578,407,714
frame_1424.jpg,346,245,hand,588,444,934,689
frame_1424.jpg,235,164,hand,753,221,988,385
frame_1424.jpg,138,183,hand,533,188,671,371
frame_1439.jpg,214,147,hand,8,568,222,715
frame_1439.jpg,366,158,hand,685,557,1051,715
frame_1439.jpg,235,155,hand,401,155,636,310
frame_1439.jpg,177,180,hand,181,140,358,320
frame_1451.jpg,320,159,hand,118,558,438,717
frame_1451.jpg,457,239,hand,542,478,999,717
frame_1451.jpg,247,154,hand,140,166,387,320
frame_1451.jpg,71,120,hand,7,178,78,298
frame_1452.jpg,349,166,hand,119,553,468,719
frame_1452.jpg,494,240,hand,500,476,994,716
frame_1452.jpg,249,156,hand,123,167,372,323
frame_1452.jpg,57,127,hand,8,201,65,328
frame_1453.jpg,340,161,hand,118,551,458,712
frame_1453.jpg,493,239,hand,479,473,972,712
frame_1453.jpg,257,167,hand,97,164,354,331
frame_1453.jpg,31,73,hand,6,233,37,306
frame_1491.jpg,227,107,hand,279,610,506,717
frame_1491.jpg,571,223,hand,594,491,1165,714
frame_1491.jpg,166,202,hand,5,209,171,411
frame_1504.jpg,197,53,hand,315,661,512,714
frame_1504.jpg,456,242,hand,628,472,1084,714
frame_1504.jpg,206,197,hand,3,200,209,397
frame_1524.jpg,372,118,hand,719,595,1091,713
frame_1524.jpg,200,201,hand,6,242,206,443
frame_1572.jpg,169,14,hand,98,703,267,717
frame_1572.jpg,363,251,hand,721,459,1084,710
frame_1572.jpg,225,115,hand,206,182,431,297
frame_1614.jpg,395,226,hand,115,488,510,714
frame_1614.jpg,243,62,hand,630,656,873,718
frame_1614.jpg,229,134,hand,343,75,572,209
frame_1614.jpg,56,113,hand,6,72,62,185
frame_1660.jpg,448,257,hand,573,395,1021,652
frame_1660.jpg,222,174,hand,141,53,363,227
frame_1660.jpg,79,163,hand,1,186,80,349
frame_1670.jpg,395,221,hand,580,387,975,608
frame_1670.jpg,226,179,hand,142,52,368,231
frame_1670.jpg,73,172,hand,5,140,78,312
frame_1704.jpg,304,83,hand,330,634,634,717
frame_1704.jpg,441,293,hand,626,416,1067,709
frame_1704.jpg,219,205,hand,99,105,318,310
frame_1704.jpg,118,208,hand,6,185,124,393
frame_1768.jpg,297,262,hand,10,395,307,657
frame_1768.jpg,190,242,hand,870,42,1060,284
frame_1768.jpg,235,285,hand,338,84,573,369
frame_1803.jpg,165,29,hand,306,690,471,719
frame_1803.jpg,472,321,hand,755,389,1227,710
frame_1803.jpg,184,203,hand,491,115,675,318
frame_1803.jpg,177,202,hand,5,189,182,391
frame_1858.jpg,236,42,hand,187,674,423,716
frame_1858.jpg,121,19,hand,774,698,895,717
frame_1858.jpg,224,233,hand,391,253,615,486
frame_1858.jpg,200,245,hand,83,278,283,523
frame_1924.jpg,218,256,hand,584,342,802,598
frame_1924.jpg,204,254,hand,304,392,508,646
frame_1925.jpg,213,261,hand,586,330,799,591
frame_1925.jpg,213,251,hand,295,392,508,643
frame_1941.jpg,224,60,hand,601,656,825,716
frame_1941.jpg,229,269,hand,567,331,796,600
frame_1941.jpg,224,218,hand,289,380,513,598
frame_1981.jpg,126,8,hand,254,710,380,718
frame_1981.jpg,291,195,hand,569,520,860,715
frame_1981.jpg,271,276,hand,740,361,1011,637
frame_1981.jpg,249,226,hand,470,345,719,571
frame_2011.jpg,280,199,hand,4,516,284,715
frame_2011.jpg,351,220,hand,548,497,899,717
frame_2011.jpg,265,241,hand,736,341,1001,582
frame_2011.jpg,204,228,hand,461,230,665,458
frame_2035.jpg,65,50,hand,8,505,73,555
frame_2035.jpg,435,286,hand,464,424,899,710
frame_2035.jpg,181,142,hand,631,329,812,471
frame_2035.jpg,203,178,hand,331,269,534,447
frame_2036.jpg,28,31,hand,4,520,32,551
frame_2036.jpg,393,267,hand,522,431,915,698
frame_2036.jpg,245,118,hand,528,331,773,449
frame_2036.jpg,204,177,hand,273,257,477,434
frame_2101.jpg,284,177,hand,228,537,512,714
frame_2101.jpg,376,274,hand,694,434,1070,708
frame_2101.jpg,146,139,hand,489,34,635,173
frame_2101.jpg,218,172,hand,75,186,293,358
frame_2102.jpg,294,186,hand,209,533,503,719
frame_2102.jpg,385,275,hand,686,430,1071,705
frame_2102.jpg,144,134,hand,495,45,639,179
frame_2102.jpg,226,172,hand,57,182,283,354
frame_2142.jpg,307,177,hand,190,536,497,713
frame_2142.jpg,393,215,hand,680,504,1073,719
frame_2142.jpg,211,199,hand,561,114,772,313
frame_2142.jpg,241,245,hand,100,162,341,407
frame_2145.jpg,312,185,hand,160,525,472,710
frame_2145.jpg,86,13,hand,818,702,904,715
frame_2145.jpg,202,185,hand,559,111,761,296
frame_2145.jpg,236,229,hand,67,125,303,354
frame_2157.jpg,249,144,hand,278,566,527,710
frame_2157.jpg,70,18,hand,1006,698,1076,716
frame_2157.jpg,189,184,hand,657,215,846,399
frame_2157.jpg,222,204,hand,113,142,335,346
frame_2159.jpg,227,123,hand,384,584,611,707
frame_2159.jpg,197,91,hand,1066,624,1263,715
frame_2159.jpg,199,219,hand,730,228,929,447
frame_2159.jpg,218,200,hand,205,158,423,358
frame_2196.jpg,183,22,hand,60,695,243,717
frame_2196.jpg,423,217,hand,672,409,1095,626
frame_2196.jpg,139,158,hand,412,100,551,258
frame_2196.jpg,157,140,hand,228,130,385,270
frame_2197.jpg,182,26,hand,53,688,235,714
frame_2197.jpg,445,220,hand,667,402,1112,622
frame_2197.jpg,143,155,hand,401,90,544,245
frame_2197.jpg,177,151,hand,200,121,377,272
frame_2220.jpg,244,26,hand,64,693,308,719
frame_2220.jpg,370,223,hand,680,489,1050,712
frame_2220.jpg,214,230,hand,375,124,589,354
frame_2220.jpg,203,261,hand,212,239,415,500
frame_2286.jpg,367,207,hand,212,511,579,718
frame_2286.jpg,225,192,hand,1053,523,1278,715
frame_2286.jpg,244,269,hand,674,221,918,490
frame_2286.jpg,153,235,hand,433,196,586,431
frame_2353.jpg,412,272,hand,114,335,526,607
frame_2353.jpg,223,235,hand,782,151,1005,386
frame_2353.jpg,274,263,hand,746,352,1020,615
frame_2377.jpg,358,284,hand,150,430,508,714
frame_2377.jpg,254,263,hand,542,455,796,718
frame_2377.jpg,207,251,hand,916,191,1123,442
frame_2377.jpg,260,302,hand,879,346,1139,648
frame_2398.jpg,378,281,hand,111,435,489,716
frame_2398.jpg,300,289,hand,527,427,827,716
frame_2398.jpg,228,261,hand,995,175,1223,436
frame_2398.jpg,213,233,hand,782,261,995,494
frame_2441.jpg,372,247,hand,30,464,402,711
frame_2441.jpg,301,223,hand,444,489,745,712
frame_2441.jpg,222,246,hand,946,203,1168,449
frame_2441.jpg,182,240,hand,753,246,935,486
frame_2505.jpg,235,68,hand,312,648,547,716
frame_2505.jpg,335,229,hand,581,481,916,710
frame_2505.jpg,183,205,hand,950,339,1133,544
frame_2505.jpg,210,208,hand,303,304,513,512
frame_2537.jpg,283,244,hand,704,467,987,711
frame_2537.jpg,186,120,hand,724,261,910,381
frame_2537.jpg,201,286,hand,102,395,303,681
frame_2551.jpg,264,71,hand,63,644,327,715
frame_2551.jpg,347,308,hand,758,372,1105,680
frame_2551.jpg,177,165,hand,566,158,743,323
frame_2551.jpg,211,212,hand,114,304,325,516
frame_2557.jpg,303,98,hand,110,621,413,719
frame_2557.jpg,305,318,hand,841,391,1146,709
frame_2557.jpg,207,246,hand,537,212,744,458
frame_2557.jpg,220,276,hand,236,287,456,563
frame_2585.jpg,312,196,hand,77,520,389,716
frame_2585.jpg,355,278,hand,915,439,1270,717
frame_2585.jpg,243,312,hand,519,239,762,551
frame_2585.jpg,181,289,hand,333,308,514,597
frame_2655.jpg,405,459,hand,227,229,632,688
frame_2655.jpg,437,438,hand,569,148,1006,586
frame_2655.jpg,219,150,hand,719,20,938,170
frame_2655.jpg,183,112,hand,361,4,544,116
frame_0006.jpg,257,129,hand,287,580,544,709
frame_0006.jpg,199,191,hand,739,507,938,698
frame_0006.jpg,200,157,hand,543,314,743,471
frame_0006.jpg,184,206,hand,262,339,446,545
frame_0012.jpg,207,71,hand,387,645,594,716
frame_0012.jpg,172,175,hand,768,480,940,655
frame_0012.jpg,208,159,hand,549,365,757,524
frame_0012.jpg,171,181,hand,218,361,389,542
frame_0030.jpg,348,167,hand,122,543,470,710
frame_0030.jpg,199,223,hand,805,260,1004,483
frame_0030.jpg,237,183,hand,590,228,827,411
frame_0030.jpg,70,120,hand,1,342,71,462
frame_0082.jpg,246,142,hand,99,572,345,714
frame_0082.jpg,137,156,hand,635,170,772,326
frame_0082.jpg,141,146,hand,286,140,427,286
frame_0092.jpg,128,42,hand,226,676,354,718
frame_0092.jpg,231,114,hand,602,605,833,719
frame_0092.jpg,146,147,hand,681,189,827,336
frame_0092.jpg,155,136,hand,282,151,437,287
frame_0109.jpg,259,81,hand,47,638,306,719
frame_0109.jpg,142,152,hand,732,168,874,320
frame_0109.jpg,143,159,hand,375,150,518,309
frame_0127.jpg,249,71,hand,31,648,280,719
frame_0127.jpg,163,161,hand,829,220,992,381
frame_0127.jpg,141,154,hand,509,225,650,379
frame_0234.jpg,249,152,hand,263,563,512,715
frame_0234.jpg,184,215,hand,613,398,797,613
frame_0234.jpg,159,143,hand,358,330,517,473
frame_0359.jpg,231,81,hand,423,636,654,717
frame_0359.jpg,171,119,hand,504,320,675,439
frame_0359.jpg,176,140,hand,256,319,432,459
frame_0379.jpg,251,77,hand,805,642,1056,719
frame_0379.jpg,197,185,hand,474,232,671,417
frame_0379.jpg,200,158,hand,162,217,362,375
frame_0384.jpg,237,100,hand,214,619,451,719
frame_0384.jpg,64,10,hand,811,708,875,718
frame_0384.jpg,206,167,hand,484,232,690,399
frame_0384.jpg,179,197,hand,144,201,323,398
frame_0469.jpg,276,156,hand,247,563,523,719
frame_0469.jpg,155,184,hand,655,263,810,447
frame_0469.jpg,189,232,hand,306,317,495,549
frame_0496.jpg,248,222,hand,645,396,893,618
frame_0496.jpg,160,192,hand,775,241,935,433
frame_0496.jpg,154,202,hand,461,295,615,497
frame_0505.jpg,215,50,hand,137,666,352,716
frame_0505.jpg,339,273,hand,710,370,1049,643
frame_0505.jpg,168,165,hand,678,231,846,396
frame_0505.jpg,162,204,hand,243,296,405,500
frame_0521.jpg,193,60,hand,224,655,417,715
frame_0521.jpg,235,154,hand,581,565,816,719
frame_0521.jpg,212,218,hand,675,276,887,494
frame_0521.jpg,194,293,hand,168,391,362,684
frame_0536.jpg,191,174,hand,492,303,683,477
frame_0536.jpg,147,210,hand,2,331,149,541
frame_0559.jpg,183,230,hand,757,317,940,547
frame_0559.jpg,246,317,hand,294,349,540,666
frame_0658.jpg,156,48,hand,656,668,812,716
frame_0658.jpg,185,224,hand,670,342,855,566
frame_0669.jpg,172,214,hand,648,417,820,631
frame_0669.jpg,77,223,hand,2,493,79,716
frame_0690.jpg,146,52,hand,776,661,922,713
frame_0690.jpg,196,169,hand,770,289,966,458
frame_0690.jpg,213,235,hand,418,217,631,452
frame_0702.jpg,216,152,hand,805,420,1021,572
frame_0702.jpg,229,134,hand,760,299,989,433
frame_0702.jpg,147,181,hand,545,208,692,389
frame_0723.jpg,269,120,hand,160,593,429,713
frame_0723.jpg,207,224,hand,812,441,1019,665
frame_0723.jpg,236,160,hand,822,244,1058,404
frame_0723.jpg,195,213,hand,604,190,799,403
frame_0740.jpg,266,92,hand,47,624,313,716
frame_0740.jpg,351,269,hand,698,448,1049,717
frame_0740.jpg,244,145,hand,459,178,703,323
frame_0740.jpg,190,195,hand,209,116,399,311
frame_0742.jpg,154,18,hand,201,701,355,719
frame_0742.jpg,301,152,hand,783,567,1084,719
frame_0742.jpg,226,138,hand,455,162,681,300
frame_0742.jpg,197,190,hand,182,96,379,286
frame_0798.jpg,200,203,hand,689,244,889,447
frame_0798.jpg,195,182,hand,319,191,514,373
frame_0804.jpg,204,204,hand,764,221,968,425
frame_0804.jpg,175,168,hand,374,184,549,352
frame_0806.jpg,187,46,hand,958,672,1145,718
frame_0806.jpg,216,164,hand,666,191,882,355
frame_0806.jpg,191,164,hand,303,165,494,329
frame_0809.jpg,226,52,hand,885,667,1111,719
frame_0809.jpg,197,124,hand,499,139,696,263
frame_0809.jpg,212,166,hand,181,139,393,305
frame_0814.jpg,216,157,hand,381,157,597,314
frame_0814.jpg,215,161,hand,148,127,363,288
frame_0834.jpg,188,25,hand,790,687,978,712
frame_0834.jpg,244,166,hand,344,179,588,345
frame_0834.jpg,213,154,hand,141,151,354,305
frame_0893.jpg,187,178,hand,363,373,550,551
frame_0893.jpg,109,186,hand,1,449,110,635
frame_0926.jpg,135,20,hand,1010,699,1145,719
frame_0926.jpg,204,230,hand,834,278,1038,508
frame_0926.jpg,125,221,hand,628,297,753,518
frame_0977.jpg,268,183,hand,886,535,1154,718
frame_0977.jpg,281,274,hand,572,445,853,719
frame_0977.jpg,161,287,hand,414,344,575,631
frame_1006.jpg,233,159,hand,211,555,444,714
frame_1006.jpg,149,10,hand,906,704,1055,714
frame_1006.jpg,165,176,hand,872,328,1037,504
frame_1006.jpg,159,220,hand,590,321,749,541
frame_1018.jpg,278,174,hand,180,539,458,713
frame_1018.jpg,280,163,hand,999,556,1279,719
frame_1018.jpg,181,187,hand,787,268,968,455
frame_1018.jpg,171,155,hand,546,273,717,428
frame_1019.jpg,308,200,hand,154,517,462,717
frame_1019.jpg,273,161,hand,1004,555,1277,716
frame_1019.jpg,179,184,hand,797,267,976,451
frame_1019.jpg,170,176,hand,548,259,718,435
frame_1026.jpg,263,132,hand,118,582,381,714
frame_1026.jpg,230,171,hand,1047,546,1277,717
frame_1026.jpg,181,182,hand,831,276,1012,458
frame_1026.jpg,184,210,hand,587,251,771,461
frame_1075.jpg,251,101,hand,79,617,330,718
frame_1075.jpg,248,119,hand,730,600,978,719
frame_1075.jpg,194,179,hand,670,272,864,451
frame_1075.jpg,179,207,hand,386,290,565,497
frame_1079.jpg,248,121,hand,84,598,332,719
frame_1079.jpg,258,123,hand,733,594,991,717
frame_1079.jpg,190,180,hand,666,249,856,429
frame_1079.jpg,152,182,hand,442,267,594,449
frame_1146.jpg,221,154,hand,787,357,1008,511
frame_1146.jpg,98,168,hand,438,281,536,449
frame_1226.jpg,135,51,hand,224,666,359,717
frame_1226.jpg,219,182,hand,533,532,752,714
frame_1226.jpg,228,163,hand,629,323,857,486
frame_1226.jpg,148,205,hand,297,334,445,539
frame_1252.jpg,95,38,hand,3,675,98,713
frame_1252.jpg,201,146,hand,491,325,692,471
frame_1252.jpg,21,127,hand,2,229,23,356
frame_1261.jpg,202,140,hand,540,278,742,418
frame_1261.jpg,180,200,hand,225,253,405,453
frame_1350.jpg,291,158,hand,276,561,567,719
frame_1350.jpg,285,134,hand,623,584,908,718
frame_1350.jpg,202,272,hand,768,297,970,569
frame_1350.jpg,173,243,hand,203,239,376,482
frame_1408.jpg,226,49,hand,374,669,600,718
frame_1408.jpg,265,147,hand,645,569,910,716
frame_1408.jpg,137,149,hand,693,193,830,342
frame_1408.jpg,186,193,hand,390,192,576,385
frame_1427.jpg,216,29,hand,380,690,596,719
frame_1427.jpg,241,108,hand,712,610,953,718
frame_1427.jpg,142,148,hand,796,231,938,379
frame_1427.jpg,215,220,hand,467,219,682,439
frame_1438.jpg,234,30,hand,373,689,607,719
frame_1438.jpg,227,136,hand,671,583,898,719
frame_1438.jpg,166,127,hand,680,213,846,340
frame_1438.jpg,162,180,hand,267,197,429,377
frame_1459.jpg,276,83,hand,311,636,587,719
frame_1459.jpg,249,206,hand,597,358,846,564
frame_1459.jpg,231,133,hand,405,167,636,300
frame_1459.jpg,163,202,hand,150,100,313,302
frame_1472.jpg,255,66,hand,305,652,560,718
frame_1472.jpg,226,129,hand,812,587,1038,716
frame_1472.jpg,230,124,hand,368,202,598,326
frame_1472.jpg,162,177,hand,47,226,209,403
frame_1527.jpg,153,45,hand,727,673,880,718
frame_1527.jpg,202,136,hand,262,243,464,379
frame_1527.jpg,134,154,hand,36,291,170,445
frame_1556.jpg,282,81,hand,758,637,1040,718
frame_1556.jpg,193,134,hand,405,244,598,378
frame_1556.jpg,185,179,hand,213,314,398,493
frame_1560.jpg,220,80,hand,781,637,1001,717
frame_1560.jpg,197,148,hand,427,283,624,431
frame_1560.jpg,164,165,hand,120,329,284,494
frame_1591.jpg,181,118,hand,831,596,1012,714
frame_1591.jpg,216,127,hand,291,336,507,463
frame_1591.jpg,155,166,hand,37,315,192,481
frame_1616.jpg,280,184,hand,730,535,1010,719
frame_1616.jpg,217,131,hand,386,248,603,379
frame_1616.jpg,153,160,hand,264,204,417,364
frame_1640.jpg,177,61,hand,651,654,828,715
frame_1640.jpg,220,140,hand,360,312,580,452
frame_1640.jpg,169,182,hand,94,345,263,527
frame_1712.jpg,151,40,hand,757,679,908,719
frame_1712.jpg,191,137,hand,461,312,652,449
frame_1712.jpg,169,202,hand,223,341,392,543
frame_1820.jpg,146,63,hand,338,652,484,715
frame_1820.jpg,216,216,hand,722,490,938,706
frame_1820.jpg,198,141,hand,623,283,821,424
frame_1820.jpg,175,194,hand,400,242,575,436
frame_1833.jpg,243,83,hand,108,633,351,716
frame_1833.jpg,206,213,hand,807,504,1013,717
frame_1833.jpg,209,142,hand,608,275,817,417
frame_1833.jpg,149,191,hand,445,224,594,415
frame_1840.jpg,274,133,hand,51,580,325,713
frame_1840.jpg,272,186,hand,622,531,894,717
frame_1840.jpg,194,154,hand,599,271,793,425
frame_1840.jpg,152,168,hand,444,246,596,414
frame_1857.jpg,304,148,hand,298,569,602,717
frame_1857.jpg,221,183,hand,690,494,911,677
frame_1857.jpg,220,157,hand,555,300,775,457
frame_1857.jpg,183,162,hand,268,282,451,444
frame_1875.jpg,268,168,hand,341,548,609,716
frame_1875.jpg,190,167,hand,726,458,916,625
frame_1875.jpg,220,161,hand,518,267,738,428
frame_1875.jpg,155,169,hand,328,263,483,432
frame_1881.jpg,260,168,hand,363,549,623,717
frame_1881.jpg,209,176,hand,739,464,948,640
frame_1881.jpg,187,177,hand,532,245,719,422
frame_1881.jpg,144,158,hand,311,264,455,422
frame_1885.jpg,268,181,hand,366,536,634,717
frame_1885.jpg,243,194,hand,709,464,952,658
frame_1885.jpg,188,177,hand,529,244,717,421
frame_1885.jpg,183,230,hand,149,289,332,519
frame_1901.jpg,319,155,hand,315,563,634,718
frame_1901.jpg,241,202,hand,694,516,935,718
frame_1901.jpg,173,124,hand,551,240,724,364
frame_1901.jpg,172,222,hand,1,267,173,489
frame_1904.jpg,314,145,hand,300,570,614,715
frame_1904.jpg,259,180,hand,666,537,925,717
frame_1904.jpg,181,151,hand,555,215,736,366
frame_1904.jpg,199,187,hand,62,216,261,403
frame_1914.jpg,297,141,hand,284,578,581,719
frame_1914.jpg,250,183,hand,657,535,907,718
frame_1914.jpg,170,163,hand,607,191,777,354
frame_1914.jpg,154,180,hand,314,176,468,356
frame_1926.jpg,278,166,hand,355,553,633,719
frame_1926.jpg,250,182,hand,711,536,961,718
frame_1926.jpg,153,176,hand,646,200,799,376
frame_1926.jpg,191,161,hand,317,188,508,349
frame_1930.jpg,268,163,hand,360,556,628,719
frame_1930.jpg,277,187,hand,702,525,979,712
frame_1930.jpg,149,182,hand,647,199,796,381
frame_1930.jpg,178,163,hand,362,174,540,337
frame_1975.jpg,301,166,hand,299,549,600,715
frame_1975.jpg,249,188,hand,643,529,892,717
frame_1975.jpg,149,150,hand,717,270,866,420
frame_1975.jpg,216,200,hand,382,271,598,471
frame_1977.jpg,291,148,hand,305,564,596,712
frame_1977.jpg,263,178,hand,626,539,889,717
frame_1977.jpg,149,157,hand,711,270,860,427
frame_1977.jpg,224,207,hand,420,276,644,483
frame_2013.jpg,296,114,hand,303,604,599,718
frame_2013.jpg,262,90,hand,659,629,921,719
frame_2013.jpg,134,216,hand,902,330,1036,546
frame_2013.jpg,229,191,hand,448,287,677,478
frame_2016.jpg,300,137,hand,294,582,594,719
frame_2016.jpg,260,89,hand,642,630,902,719
frame_2016.jpg,136,241,hand,908,301,1044,542
frame_2016.jpg,274,226,hand,550,310,824,536
frame_2017.jpg,309,127,hand,285,591,594,718
frame_2017.jpg,265,94,hand,636,625,901,719
frame_2017.jpg,135,246,hand,912,295,1047,541
frame_2017.jpg,277,263,hand,588,313,865,576
frame_2030.jpg,313,139,hand,296,577,609,716
frame_2030.jpg,249,142,hand,632,577,881,719
frame_2030.jpg,128,242,hand,985,245,1113,487
frame_2030.jpg,244,260,hand,665,323,909,583
frame_2040.jpg,312,177,hand,292,541,604,718
frame_2040.jpg,278,143,hand,615,576,893,719
frame_2040.jpg,190,197,hand,782,189,972,386
frame_2040.jpg,189,221,hand,244,238,433,459
frame_2067.jpg,279,239,hand,432,448,711,687
frame_2067.jpg,268,274,hand,754,438,1022,712
frame_2067.jpg,199,135,hand,704,92,903,227
frame_2067.jpg,183,260,hand,140,87,323,347
frame_2080.jpg,482,295,hand,91,418,573,713
frame_2080.jpg,215,224,hand,683,384,898,608
frame_2080.jpg,203,131,hand,671,53,874,184
frame_2080.jpg,155,176,hand,146,51,301,227
frame_2082.jpg,451,253,hand,87,466,538,719
frame_2082.jpg,210,225,hand,678,391,888,616
frame_2082.jpg,198,143,hand,667,60,865,203
frame_2082.jpg,142,199,hand,156,42,298,241
frame_2137.jpg,243,90,hand,168,625,411,715
frame_2137.jpg,252,106,hand,708,610,960,716
frame_2137.jpg,177,188,hand,603,283,780,471
frame_2137.jpg,154,185,hand,398,299,552,484
frame_2151.jpg,214,122,hand,190,594,404,716
frame_2151.jpg,188,89,hand,857,630,1045,719
frame_2151.jpg,166,182,hand,640,301,806,483
frame_2151.jpg,141,167,hand,494,217,635,384
frame_2268.jpg,246,140,hand,360,577,606,717
frame_2268.jpg,200,195,hand,613,523,813,718
frame_2268.jpg,225,203,hand,731,367,956,570
frame_2268.jpg,200,217,hand,310,306,510,523
frame_2269.jpg,249,136,hand,348,583,597,719
frame_2269.jpg,200,182,hand,599,537,799,719
frame_2269.jpg,220,192,hand,727,365,947,557
frame_2269.jpg,195,219,hand,306,303,501,522
frame_2288.jpg,259,155,hand,340,564,599,719
frame_2288.jpg,184,87,hand,698,632,882,719
frame_2288.jpg,203,191,hand,676,334,879,525
frame_2288.jpg,189,209,hand,262,313,451,522
frame_2319.jpg,131,120,hand,713,354,844,474
frame_2319.jpg,20,102,hand,1258,597,1278,699
frame_2319.jpg,215,253,hand,354,359,569,612
frame_2350.jpg,197,164,hand,599,496,796,660
frame_2350.jpg,200,201,hand,1042,518,1242,719
frame_2350.jpg,159,224,hand,710,271,869,495
frame_2381.jpg,202,165,hand,533,549,735,714
frame_2381.jpg,193,196,hand,1053,520,1246,716
frame_2381.jpg,222,260,hand,813,442,1035,702
frame_2403.jpg,189,69,hand,310,649,499,718
frame_2403.jpg,217,141,hand,606,576,823,717
frame_2403.jpg,218,224,hand,1041,495,1259,719
frame_2403.jpg,219,279,hand,801,415,1020,694
frame_2417.jpg,245,148,hand,256,571,501,719
frame_2417.jpg,196,172,hand,561,497,757,669
frame_2417.jpg,217,262,hand,972,404,1189,666
frame_2417.jpg,240,244,hand,726,374,966,618
frame_2423.jpg,216,125,hand,293,589,509,714
frame_2423.jpg,192,157,hand,580,543,772,700
frame_2423.jpg,226,252,hand,1013,419,1239,671
frame_2423.jpg,246,238,hand,759,380,1005,618
frame_2427.jpg,209,131,hand,310,586,519,717
frame_2427.jpg,188,165,hand,591,528,779,693
frame_2427.jpg,217,233,hand,1043,435,1260,668
frame_2427.jpg,257,263,hand,761,362,1018,625
frame_2466.jpg,245,181,hand,167,532,412,713
frame_2466.jpg,169,139,hand,506,434,675,573
frame_2466.jpg,188,251,hand,926,328,1114,579
frame_2466.jpg,152,175,hand,505,267,657,442
frame_2470.jpg,237,185,hand,172,527,409,712
frame_2470.jpg,185,156,hand,499,421,684,577
frame_2470.jpg,200,251,hand,929,322,1129,573
frame_2470.jpg,146,170,hand,504,271,650,441
frame_2501.jpg,121,83,hand,1,636,122,719
frame_2501.jpg,265,291,hand,675,375,940,666
frame_2501.jpg,142,147,hand,571,346,713,493
frame_2501.jpg,252,253,hand,315,385,567,638
frame_2508.jpg,148,35,hand,9,680,157,715
frame_2508.jpg,216,256,hand,710,453,926,709
frame_2508.jpg,137,170,hand,633,399,770,569
frame_2508.jpg,228,258,hand,386,432,614,690
frame_2570.jpg,247,111,hand,330,607,577,718
frame_2570.jpg,193,187,hand,553,435,746,622
frame_2570.jpg,117,175,hand,675,342,792,517
frame_2570.jpg,181,268,hand,16,446,197,714
frame_2599.jpg,241,96,hand,360,614,601,710
frame_2599.jpg,221,233,hand,588,480,809,713
frame_2599.jpg,160,203,hand,686,380,846,583
frame_2599.jpg,304,289,hand,23,404,327,693
frame_2623.jpg,184,205,hand,687,487,871,692
frame_2623.jpg,199,193,hand,982,375,1181,568
frame_2623.jpg,253,186,hand,1,358,254,544
frame_2628.jpg,119,78,hand,301,640,420,718
frame_2628.jpg,217,264,hand,684,448,901,712
frame_2628.jpg,197,196,hand,994,347,1191,543
frame_2628.jpg,252,178,hand,12,312,264,490
frame_2671.jpg,190,205,hand,634,90,824,295
frame_2671.jpg,233,238,hand,299,40,532,278
frame_2687.jpg,250,375,hand,166,176,416,551
frame_2687.jpg,289,403,hand,625,207,914,610
frame_2687.jpg,144,197,hand,693,125,837,322
frame_2687.jpg,195,270,hand,350,113,545,383
frame_0019.jpg,153,153,hand,670,565,823,718
frame_0019.jpg,167,143,hand,493,573,660,716
frame_0084.jpg,318,231,hand,134,487,452,718
frame_0084.jpg,305,280,hand,576,436,881,716
frame_0084.jpg,210,214,hand,348,111,558,325
frame_0084.jpg,164,164,hand,101,82,265,246
frame_0176.jpg,215,187,hand,420,250,635,437
frame_0176.jpg,124,187,hand,254,205,378,392
frame_0245.jpg,300,320,hand,100,367,400,687
frame_0245.jpg,330,339,hand,507,333,837,672
frame_0245.jpg,273,194,hand,753,97,1026,291
frame_0245.jpg,131,200,hand,498,76,629,276
frame_0256.jpg,292,144,hand,141,572,433,716
frame_0256.jpg,324,297,hand,573,322,897,619
frame_0256.jpg,276,188,hand,866,115,1142,303
frame_0256.jpg,186,219,hand,663,61,849,280
frame_0313.jpg,231,229,hand,953,246,1184,475
frame_0313.jpg,131,200,hand,561,212,692,412
frame_0349.jpg,157,199,hand,9,428,166,627
frame_0349.jpg,241,137,hand,625,581,866,718
frame_0349.jpg,214,215,hand,609,229,823,444
frame_0349.jpg,128,200,hand,427,206,555,406
frame_0383.jpg,281,209,hand,164,508,445,717
frame_0383.jpg,237,194,hand,905,172,1142,366
frame_0383.jpg,166,176,hand,592,152,758,328
frame_0393.jpg,254,75,hand,137,643,391,718
frame_0393.jpg,249,165,hand,558,553,807,718
frame_0393.jpg,218,177,hand,965,250,1183,427
frame_0393.jpg,147,181,hand,684,255,831,436
frame_0405.jpg,267,118,hand,166,600,433,718
frame_0405.jpg,234,78,hand,653,635,887,713
frame_0405.jpg,245,201,hand,868,305,1113,506
frame_0405.jpg,157,165,hand,635,296,792,461
frame_0411.jpg,250,114,hand,100,600,350,714
frame_0411.jpg,238,102,hand,638,614,876,716
frame_0411.jpg,256,202,hand,798,333,1054,535
frame_0411.jpg,143,271,hand,444,186,587,457
frame_0413.jpg,243,100,hand,121,614,364,714
frame_0413.jpg,219,90,hand,671,627,890,717
frame_0413.jpg,254,203,hand,796,336,1050,539
frame_0413.jpg,142,260,hand,466,212,608,472
frame_0460.jpg,226,158,hand,427,354,653,512
frame_0460.jpg,154,184,hand,191,324,345,508
frame_0552.jpg,337,174,hand,144,543,481,717
frame_0552.jpg,120,29,hand,635,689,755,718
frame_0552.jpg,307,211,hand,682,363,989,574
frame_0552.jpg,133,228,hand,564,275,697,503
frame_0553.jpg,317,169,hand,147,545,464,714
frame_0553.jpg,142,20,hand,662,698,804,718
frame_0553.jpg,286,185,hand,696,370,982,555
frame_0553.jpg,141,200,hand,558,278,699,478
frame_0574.jpg,336,182,hand,76,535,412,717
frame_0574.jpg,247,192,hand,539,524,786,716
frame_0574.jpg,272,161,hand,920,227,1192,388
frame_0574.jpg,174,141,hand,728,188,902,329
frame_0577.jpg,340,173,hand,67,545,407,718
frame_0577.jpg,236,225,hand,517,493,753,718
frame_0577.jpg,256,152,hand,968,329,1224,481
frame_0577.jpg,197,168,hand,758,226,955,394
frame_0585.jpg,317,134,hand,118,580,435,714
frame_0585.jpg,244,206,hand,552,506,796,712
frame_0585.jpg,191,270,hand,1084,417,1275,687
frame_0585.jpg,213,250,hand,796,322,1009,572
frame_0656.jpg,404,148,hand,3,569,407,717
frame_0656.jpg,130,41,hand,624,673,754,714
frame_0656.jpg,272,111,hand,572,4,844,115
frame_0656.jpg,251,122,hand,283,0,534,122
frame_0690.jpg,324,111,hand,154,607,478,718
frame_0690.jpg,308,188,hand,634,530,942,718
frame_0690.jpg,196,194,hand,1083,238,1279,432
frame_0690.jpg,190,216,hand,820,193,1010,409
frame_0712.jpg,388,169,hand,19,548,407,717
frame_0712.jpg,165,171,hand,1030,320,1195,491
frame_0712.jpg,158,174,hand,754,280,912,454
frame_0722.jpg,147,85,hand,1,625,148,710
frame_0722.jpg,189,180,hand,877,131,1066,311
frame_0722.jpg,176,156,hand,631,114,807,270
frame_0724.jpg,125,82,hand,1,634,126,716
frame_0724.jpg,175,200,hand,901,89,1076,289
frame_0724.jpg,171,157,hand,654,82,825,239
frame_0746.jpg,195,160,hand,922,143,1117,303
frame_0746.jpg,163,168,hand,715,84,878,252
frame_0755.jpg,251,185,hand,916,151,1167,336
frame_0755.jpg,161,206,hand,676,64,837,270
frame_0762.jpg,216,234,hand,930,136,1146,370
frame_0762.jpg,146,195,hand,660,86,806,281
frame_0767.jpg,183,58,hand,551,658,734,716
frame_0767.jpg,246,260,hand,959,111,1205,371
frame_0767.jpg,144,240,hand,671,74,815,314
frame_0786.jpg,168,219,hand,1109,144,1277,363
frame_0786.jpg,188,244,hand,823,102,1011,346
frame_0793.jpg,211,190,hand,1022,148,1233,338
frame_0793.jpg,167,211,hand,711,93,878,304
frame_0829.jpg,162,216,hand,766,146,928,362
frame_0829.jpg,137,199,hand,492,52,629,251
frame_0830.jpg,171,216,hand,740,153,911,369
frame_0830.jpg,124,179,hand,461,93,585,272
frame_0863.jpg,169,205,hand,601,219,770,424
frame_0863.jpg,145,224,hand,197,185,342,409
frame_0873.jpg,262,205,hand,505,512,767,717
frame_0873.jpg,197,211,hand,605,206,802,417
frame_0873.jpg,154,249,hand,159,172,313,421
frame_0902.jpg,183,214,hand,795,209,978,423
frame_0902.jpg,137,169,hand,427,144,564,313
frame_0962.jpg,184,178,hand,447,143,631,321
frame_0962.jpg,155,248,hand,65,48,220,296
frame_1015.jpg,162,192,hand,786,58,948,250
frame_1015.jpg,145,114,hand,382,4,527,118
frame_1017.jpg,168,196,hand,807,58,975,254
frame_1017.jpg,144,112,hand,378,2,522,114
frame_1032.jpg,184,202,hand,886,86,1070,288
frame_1032.jpg,139,210,hand,523,44,662,254
frame_1035.jpg,210,183,hand,873,85,1083,268
frame_1035.jpg,148,192,hand,556,27,704,219
frame_1056.jpg,181,190,hand,890,177,1071,367
frame_1056.jpg,137,194,hand,527,49,664,243
frame_1057.jpg,172,179,hand,799,204,971,383
frame_1057.jpg,128,211,hand,472,60,600,271
frame_1077.jpg,103,27,hand,191,691,294,718
frame_1077.jpg,208,247,hand,873,391,1081,638
frame_1077.jpg,147,235,hand,374,423,521,658
frame_1104.jpg,217,241,hand,540,382,757,623
frame_1104.jpg,88,237,hand,1,388,89,625
frame_1224.jpg,279,112,hand,484,7,763,119
frame_1224.jpg,191,120,hand,203,3,394,123
frame_1246.jpg,78,18,hand,605,698,683,716
frame_1246.jpg,248,156,hand,518,19,766,175
frame_1246.jpg,211,134,hand,225,0,436,134
frame_1259.jpg,218,41,hand,594,673,812,714
frame_1259.jpg,170,136,hand,576,35,746,171
frame_1259.jpg,208,134,hand,284,0,492,134
frame_1289.jpg,196,124,hand,577,44,773,168
frame_1289.jpg,167,148,hand,356,3,523,151
frame_1340.jpg,190,67,hand,832,651,1022,718
frame_1340.jpg,144,141,hand,627,86,771,227
frame_1340.jpg,194,128,hand,344,39,538,167
frame_1373.jpg,178,140,hand,736,48,914,188
frame_1373.jpg,173,167,hand,503,10,676,177
frame_1374.jpg,165,154,hand,759,44,924,198
frame_1374.jpg,165,173,hand,540,27,705,200
frame_1394.jpg,187,127,hand,679,226,866,353
frame_1394.jpg,144,135,hand,505,216,649,351
frame_1404.jpg,166,116,hand,596,177,762,293
frame_1404.jpg,142,125,hand,423,143,565,268
frame_1446.jpg,154,143,hand,885,25,1039,168
frame_1446.jpg,215,159,hand,629,2,844,161
frame_1489.jpg,165,138,hand,398,74,563,212
frame_1489.jpg,172,184,hand,104,39,276,223
frame_1492.jpg,138,134,hand,408,105,546,239
frame_1492.jpg,165,168,hand,105,70,270,238
frame_1523.jpg,188,215,hand,880,357,1068,572
frame_1523.jpg,165,203,hand,514,284,679,487
frame_1527.jpg,176,244,hand,824,399,1000,643
frame_1527.jpg,184,231,hand,469,272,653,503
frame_1536.jpg,189,52,hand,361,664,550,716
frame_1536.jpg,243,141,hand,592,577,835,718
frame_1536.jpg,157,250,hand,939,439,1096,689
frame_1536.jpg,168,210,hand,482,342,650,552
frame_1540.jpg,99,17,hand,358,701,457,718
frame_1540.jpg,288,160,hand,664,553,952,713
frame_1540.jpg,176,212,hand,1014,406,1190,618
frame_1540.jpg,137,178,hand,493,324,630,502
frame_1556.jpg,283,154,hand,1,564,284,718
frame_1556.jpg,245,84,hand,602,634,847,718
frame_1556.jpg,208,201,hand,493,340,701,541
frame_1556.jpg,116,228,hand,1,387,117,615
frame_1623.jpg,314,197,hand,129,247,443,444
frame_1623.jpg,242,164,hand,821,183,1063,347
frame_1623.jpg,241,115,hand,802,8,1043,123
frame_1623.jpg,149,148,hand,465,2,614,150
frame_1657.jpg,290,180,hand,622,532,912,712
frame_1657.jpg,223,206,hand,228,301,451,507
frame_1688.jpg,169,318,hand,638,400,807,718
frame_1688.jpg,145,241,hand,175,380,320,621
frame_1747.jpg,211,166,hand,3,176,214,342
frame_1747.jpg,175,261,hand,777,267,952,528
frame_1747.jpg,238,265,hand,457,278,695,543
frame_1750.jpg,178,200,hand,6,353,184,553
frame_1750.jpg,184,246,hand,806,268,990,514
frame_1750.jpg,241,303,hand,493,271,734,574
frame_1767.jpg,169,217,hand,861,196,1030,413
frame_1767.jpg,207,211,hand,568,205,775,416
frame_1801.jpg,207,131,hand,836,147,1043,278
frame_1801.jpg,173,153,hand,613,106,786,259
frame_1818.jpg,191,131,hand,748,168,939,299
frame_1818.jpg,158,158,hand,531,81,689,239
frame_1828.jpg,195,122,hand,691,144,886,266
frame_1828.jpg,167,138,hand,480,64,647,202
frame_1832.jpg,204,126,hand,699,144,903,270
frame_1832.jpg,156,144,hand,493,62,649,206
frame_1845.jpg,151,165,hand,571,217,722,382
frame_1845.jpg,159,162,hand,311,159,470,321
frame_1854.jpg,200,156,hand,286,143,486,299
frame_1854.jpg,187,168,hand,27,113,214,281
frame_1907.jpg,154,151,hand,505,342,659,493
frame_1907.jpg,161,158,hand,286,316,447,474
frame_1909.jpg,180,152,hand,440,333,620,485
frame_1909.jpg,171,164,hand,218,305,389,469
frame_1958.jpg,231,235,hand,631,192,862,427
frame_1958.jpg,187,262,hand,407,153,594,415
frame_1960.jpg,230,240,hand,620,192,850,432
frame_1960.jpg,186,254,hand,407,173,593,427
frame_1973.jpg,373,250,hand,49,460,422,710
frame_1973.jpg,321,138,hand,654,578,975,716
frame_1973.jpg,270,247,hand,604,186,874,433
frame_1973.jpg,205,232,hand,408,48,613,280
frame_2000.jpg,301,161,hand,195,555,496,716
frame_2000.jpg,308,255,hand,639,461,947,716
frame_2000.jpg,234,162,hand,565,159,799,321
frame_2000.jpg,178,199,hand,316,139,494,338
frame_2029.jpg,104,35,hand,291,681,395,716
frame_2029.jpg,351,145,hand,579,573,930,718
frame_2029.jpg,216,206,hand,583,181,799,387
frame_2029.jpg,165,222,hand,373,122,538,344
frame_2072.jpg,197,72,hand,101,646,298,718
frame_2072.jpg,277,89,hand,526,629,803,718
frame_2072.jpg,207,211,hand,647,237,854,448
frame_2072.jpg,202,240,hand,316,183,518,423
frame_2110.jpg,204,165,hand,559,151,763,316
frame_2110.jpg,180,190,hand,240,119,420,309
frame_2116.jpg,235,174,hand,579,142,814,316
frame_2116.jpg,192,193,hand,290,127,482,320
frame_2183.jpg,125,21,hand,587,697,712,718
frame_2183.jpg,195,264,hand,597,272,792,536
frame_2183.jpg,204,241,hand,270,180,474,421
frame_2243.jpg,250,306,hand,494,412,744,718
frame_2243.jpg,176,349,hand,279,342,455,691
frame_2254.jpg,287,336,hand,573,382,860,718
frame_2254.jpg,187,349,hand,286,316,473,665
frame_2259.jpg,263,350,hand,692,243,955,593
frame_2259.jpg,193,298,hand,270,196,463,494
frame_2318.jpg,353,169,hand,47,549,400,718
frame_2318.jpg,232,63,hand,612,655,844,718
frame_2318.jpg,262,182,hand,522,57,784,239
frame_2318.jpg,193,221,hand,226,12,419,233
frame_2358.jpg,260,55,hand,93,663,353,718
frame_2358.jpg,338,129,hand,610,584,948,713
frame_2358.jpg,277,289,hand,676,127,953,416
frame_2358.jpg,208,305,hand,137,156,345,461
frame_2385.jpg,224,286,hand,802,222,1026,508
frame_2385.jpg,204,250,hand,426,95,630,345
frame_2433.jpg,160,47,hand,676,671,836,718
frame_2433.jpg,182,228,hand,666,209,848,437
frame_2433.jpg,178,202,hand,328,193,506,395
frame_2476.jpg,268,252,hand,705,246,973,498
frame_2476.jpg,154,247,hand,594,123,748,370
frame_2481.jpg,282,266,hand,663,254,945,520
frame_2481.jpg,154,228,hand,596,151,750,379
frame_2541.jpg,386,233,hand,11,481,397,714
frame_2541.jpg,169,45,hand,700,673,869,718
frame_2541.jpg,214,188,hand,701,221,915,409
frame_2541.jpg,189,232,hand,404,213,593,445
frame_2552.jpg,267,148,hand,222,570,489,718
frame_2552.jpg,256,66,hand,649,651,905,717
frame_2552.jpg,178,168,hand,642,227,820,395
frame_2552.jpg,164,223,hand,321,260,485,483
frame_2553.jpg,239,79,hand,282,639,521,718
frame_2553.jpg,237,64,hand,649,654,886,718
frame_2553.jpg,180,178,hand,645,222,825,400
frame_2553.jpg,158,266,hand,305,241,463,507
frame_2565.jpg,114,21,hand,300,697,414,718
frame_2565.jpg,247,95,hand,647,623,894,718
frame_2565.jpg,172,184,hand,631,239,803,423
frame_2565.jpg,168,195,hand,324,216,492,411
frame_2585.jpg,306,175,hand,68,543,374,718
frame_2585.jpg,295,185,hand,583,532,878,717
frame_2585.jpg,256,218,hand,755,210,1011,428
frame_2585.jpg,167,202,hand,464,143,631,345
frame_2601.jpg,258,232,hand,1,486,259,718
frame_2601.jpg,236,235,hand,766,194,1002,429
frame_2601.jpg,139,207,hand,560,181,699,388
frame_2666.jpg,313,111,hand,910,605,1223,716
frame_2666.jpg,290,219,hand,696,256,986,475
frame_2666.jpg,159,292,hand,492,198,651,490
frame_2673.jpg,189,42,hand,730,676,919,718
frame_2673.jpg,244,237,hand,833,229,1077,466
frame_2673.jpg,166,256,hand,514,177,680,433
frame_0015.jpg,270,242,hand,207,464,477,706
frame_0015.jpg,233,266,hand,496,450,729,716
frame_0015.jpg,138,112,hand,579,160,717,272
frame_0015.jpg,133,118,hand,407,169,540,287
frame_0050.jpg,288,253,hand,268,457,556,710
frame_0050.jpg,248,264,hand,693,449,941,713
frame_0050.jpg,154,147,hand,393,178,547,325
frame_0050.jpg,189,179,hand,39,214,228,393
frame_0082.jpg,331,287,hand,187,411,518,698
frame_0082.jpg,297,174,hand,550,540,847,714
frame_0082.jpg,216,138,hand,371,180,587,318
frame_0082.jpg,178,151,hand,147,191,325,342
frame_0137.jpg,262,256,hand,413,374,675,630
frame_0137.jpg,198,281,hand,747,394,945,675
frame_0137.jpg,150,133,hand,540,115,690,248
frame_0137.jpg,137,136,hand,312,122,449,258
frame_0158.jpg,319,262,hand,212,399,531,661
frame_0158.jpg,275,259,hand,590,399,865,658
frame_0158.jpg,151,151,hand,677,108,828,259
frame_0158.jpg,177,116,hand,345,63,522,179
frame_0173.jpg,362,284,hand,102,408,464,692
frame_0173.jpg,208,200,hand,625,361,833,561
frame_0173.jpg,139,197,hand,717,133,856,330
frame_0173.jpg,212,155,hand,437,130,649,285
frame_0241.jpg,379,297,hand,95,418,474,715
frame_0241.jpg,278,288,hand,535,428,813,716
frame_0241.jpg,156,135,hand,658,107,814,242
frame_0241.jpg,250,215,hand,480,188,730,403
frame_0260.jpg,375,236,hand,138,436,513,672
frame_0260.jpg,309,265,hand,563,450,872,715
frame_0260.jpg,128,136,hand,655,124,783,260
frame_0260.jpg,238,154,hand,432,152,670,306
frame_0273.jpg,293,260,hand,103,327,396,587
frame_0273.jpg,297,291,hand,596,412,893,703
frame_0273.jpg,150,142,hand,639,95,789,237
frame_0273.jpg,198,134,hand,377,94,575,228
frame_0301.jpg,421,296,hand,68,423,489,719
frame_0301.jpg,294,279,hand,650,439,944,718
frame_0301.jpg,185,237,hand,813,160,998,397
frame_0301.jpg,264,219,hand,448,167,712,386
frame_0378.jpg,406,248,hand,11,463,417,711
frame_0378.jpg,367,341,hand,675,363,1042,704
frame_0378.jpg,219,194,hand,715,123,934,317
frame_0378.jpg,225,237,hand,382,111,607,348
frame_0389.jpg,369,188,hand,203,525,572,713
frame_0389.jpg,344,231,hand,614,485,958,716
frame_0389.jpg,176,201,hand,699,157,875,358
frame_0389.jpg,201,269,hand,347,140,548,409
frame_0400.jpg,361,197,hand,179,513,540,710
frame_0400.jpg,355,253,hand,641,456,996,709
frame_0400.jpg,193,235,hand,682,107,875,342
frame_0400.jpg,234,235,hand,231,134,465,369
frame_0459.jpg,345,136,hand,218,579,563,715
frame_0459.jpg,273,261,hand,603,447,876,708
frame_0459.jpg,109,142,hand,559,66,668,208
frame_0459.jpg,202,225,hand,261,139,463,364
frame_0478.jpg,334,292,hand,163,389,497,681
frame_0478.jpg,201,313,hand,714,393,915,706
frame_0478.jpg,106,134,hand,650,33,756,167
frame_0478.jpg,191,128,hand,371,44,562,172
frame_0502.jpg,382,217,hand,158,497,540,714
frame_0502.jpg,270,255,hand,661,458,931,713
frame_0502.jpg,206,210,hand,580,195,786,405
frame_0502.jpg,215,164,hand,354,116,569,280
frame_0540.jpg,514,323,hand,19,296,533,619
frame_0540.jpg,429,355,hand,495,353,924,708
frame_0540.jpg,205,215,hand,820,193,1025,408
frame_0540.jpg,219,215,hand,515,133,734,348
frame_0542.jpg,445,348,hand,70,266,515,614
frame_0542.jpg,390,349,hand,482,361,872,710
frame_0542.jpg,205,208,hand,845,178,1050,386
frame_0542.jpg,235,225,hand,571,156,806,381
frame_0543.jpg,455,339,hand,70,289,525,628
frame_0543.jpg,366,339,hand,491,371,857,710
frame_0543.jpg,188,230,hand,876,143,1064,373
frame_0543.jpg,270,220,hand,599,168,869,388
frame_0552.jpg,347,275,hand,130,378,477,653
frame_0552.jpg,360,258,hand,495,454,855,712
frame_0552.jpg,205,181,hand,913,153,1118,334
frame_0552.jpg,289,261,hand,680,212,969,473
frame_0580.jpg,266,281,hand,6,438,272,719
frame_0580.jpg,348,220,hand,740,488,1088,708
frame_0580.jpg,141,253,hand,775,142,916,395
frame_0580.jpg,198,181,hand,272,51,470,232
frame_0620.jpg,390,319,hand,40,339,430,658
frame_0620.jpg,380,329,hand,546,234,926,563
frame_0620.jpg,229,102,hand,614,5,843,107
frame_0620.jpg,158,62,hand,340,7,498,69
frame_0696.jpg,399,334,hand,14,326,413,660
frame_0696.jpg,333,358,hand,503,340,836,698
frame_0696.jpg,147,147,hand,929,22,1076,169
frame_0696.jpg,200,95,hand,535,2,735,97
frame_0716.jpg,389,267,hand,64,400,453,667
frame_0716.jpg,293,303,hand,463,394,756,697
frame_0716.jpg,159,109,hand,732,34,891,143
frame_0716.jpg,182,79,hand,528,9,710,88
frame_0732.jpg,287,199,hand,167,351,454,550
frame_0732.jpg,286,273,hand,620,398,906,671
frame_0732.jpg,118,104,hand,869,26,987,130
frame_0732.jpg,172,137,hand,575,41,747,178
frame_0736.jpg,278,184,hand,183,356,461,540
frame_0736.jpg,320,302,hand,634,404,954,706
frame_0736.jpg,118,88,hand,804,18,922,106
frame_0736.jpg,163,186,hand,566,59,729,245
frame_0766.jpg,380,234,hand,83,471,463,705
frame_0766.jpg,338,261,hand,557,403,895,664
frame_0766.jpg,148,110,hand,788,25,936,135
frame_0766.jpg,143,96,hand,518,10,661,106
frame_0804.jpg,269,204,hand,113,507,382,711
frame_0804.jpg,246,179,hand,596,532,842,711
frame_0804.jpg,119,81,hand,641,159,760,240
frame_0804.jpg,128,89,hand,435,157,563,246
frame_0855.jpg,177,138,hand,5,571,182,709
frame_0855.jpg,292,186,hand,380,528,672,714
frame_0855.jpg,144,116,hand,344,164,488,280
frame_0855.jpg,198,181,hand,116,136,314,317
frame_0876.jpg,301,172,hand,14,540,315,712
frame_0876.jpg,248,244,hand,554,467,802,711
frame_0876.jpg,127,141,hand,576,155,703,296
frame_0876.jpg,164,156,hand,403,150,567,306
frame_0882.jpg,245,200,hand,11,518,256,718
frame_0882.jpg,290,207,hand,417,507,707,714
frame_0882.jpg,126,131,hand,528,135,654,266
frame_0882.jpg,168,161,hand,356,131,524,292
frame_0912.jpg,316,243,hand,49,462,365,705
frame_0912.jpg,304,251,hand,507,458,811,709
frame_0912.jpg,132,109,hand,616,94,748,203
frame_0912.jpg,140,123,hand,410,104,550,227
frame_0961.jpg,298,227,hand,9,487,307,714
frame_0961.jpg,383,300,hand,537,415,920,715
frame_0961.jpg,111,72,hand,600,7,711,79
frame_0976.jpg,209,242,hand,6,474,215,716
frame_0976.jpg,153,98,hand,651,37,804,135
frame_0976.jpg,147,151,hand,489,16,636,167
frame_0981.jpg,305,259,hand,8,451,313,710
frame_0981.jpg,164,109,hand,601,23,765,132
frame_0981.jpg,131,117,hand,458,13,589,130
frame_0987.jpg,292,266,hand,6,432,298,698
frame_0987.jpg,332,42,hand,811,672,1143,714
frame_0987.jpg,126,116,hand,637,41,763,157
frame_0987.jpg,143,139,hand,430,24,573,163
frame_1014.jpg,386,288,hand,32,333,418,621
frame_1014.jpg,352,315,hand,656,380,1008,695
frame_1014.jpg,144,115,hand,694,8,838,123
frame_1014.jpg,152,110,hand,502,6,654,116
frame_1035.jpg,335,291,hand,7,425,342,716
frame_1035.jpg,280,257,hand,399,450,679,707
frame_1035.jpg,114,94,hand,586,88,700,182
frame_1035.jpg,152,121,hand,314,64,466,185
frame_1072.jpg,146,251,hand,1,453,147,704
frame_1072.jpg,249,273,hand,776,423,1025,696
frame_1072.jpg,206,253,hand,370,158,576,411
frame_1072.jpg,156,169,hand,4,128,160,297
frame_1144.jpg,355,203,hand,12,512,367,715
frame_1144.jpg,282,111,hand,454,602,736,713
frame_1144.jpg,191,164,hand,612,43,803,207
frame_1144.jpg,181,112,hand,344,6,525,118
frame_1170.jpg,343,115,hand,27,600,370,715
frame_1170.jpg,339,152,hand,432,564,771,716
frame_1170.jpg,172,89,hand,505,101,677,190
frame_1170.jpg,114,123,hand,322,49,436,172
frame_1172.jpg,364,119,hand,9,598,373,717
frame_1172.jpg,310,184,hand,474,535,784,719
frame_1172.jpg,173,103,hand,508,87,681,190
frame_1172.jpg,119,130,hand,327,40,446,170
frame_1177.jpg,360,131,hand,11,581,371,712
frame_1177.jpg,362,236,hand,467,483,829,719
frame_1177.jpg,185,99,hand,510,58,695,157
frame_1177.jpg,119,135,hand,321,8,440,143
frame_1184.jpg,368,293,hand,7,421,375,714
frame_1184.jpg,340,261,hand,512,453,852,714
frame_1184.jpg,167,90,hand,532,45,699,135
frame_1184.jpg,111,82,hand,355,5,466,87
frame_1187.jpg,388,298,hand,3,415,391,713
frame_1187.jpg,338,256,hand,523,459,861,715
frame_1187.jpg,167,100,hand,540,30,707,130
frame_1187.jpg,120,83,hand,370,6,490,89
frame_1188.jpg,391,281,hand,1,428,392,709
frame_1188.jpg,341,252,hand,534,459,875,711
frame_1188.jpg,161,99,hand,538,30,699,129
frame_1188.jpg,121,112,hand,368,6,489,118
frame_1208.jpg,405,173,hand,6,541,411,714
frame_1208.jpg,324,191,hand,570,521,894,712
frame_1208.jpg,160,106,hand,528,71,688,177
frame_1208.jpg,139,150,hand,382,14,521,164
frame_1243.jpg,157,146,hand,5,567,162,713
frame_1243.jpg,183,77,hand,641,642,824,719
frame_1243.jpg,153,116,hand,405,26,558,142
frame_1243.jpg,145,135,hand,158,5,303,140
frame_1376.jpg,384,181,hand,1,533,385,714
frame_1376.jpg,312,197,hand,497,519,809,716
frame_1376.jpg,152,135,hand,620,176,772,311
frame_1376.jpg,133,139,hand,444,156,577,295
frame_1488.jpg,281,158,hand,53,555,334,713
frame_1488.jpg,271,165,hand,669,544,940,709
frame_1488.jpg,127,120,hand,878,132,1005,252
frame_1488.jpg,157,145,hand,547,136,704,281
frame_1495.jpg,312,235,hand,117,478,429,713
frame_1495.jpg,297,136,hand,624,580,921,716
frame_1495.jpg,133,124,hand,869,183,1002,307
frame_1495.jpg,193,152,hand,524,183,717,335
frame_1506.jpg,301,275,hand,3,439,304,714
frame_1506.jpg,406,212,hand,606,507,1012,719
frame_1506.jpg,198,252,hand,672,192,870,444
frame_1506.jpg,212,271,hand,444,236,656,507
frame_1513.jpg,70,111,hand,8,513,78,624
frame_1513.jpg,287,167,hand,438,542,725,709
frame_1513.jpg,194,217,hand,589,184,783,401
frame_1513.jpg,245,301,hand,299,252,544,553
frame_1535.jpg,198,107,hand,632,605,830,712
frame_1535.jpg,218,300,hand,371,412,589,712
frame_1535.jpg,59,301,hand,5,341,64,642
frame_1555.jpg,231,142,hand,607,567,838,709
frame_1555.jpg,252,298,hand,244,397,496,695
frame_1577.jpg,197,260,hand,605,459,802,719
frame_1577.jpg,88,238,hand,4,330,92,568
frame_1593.jpg,92,14,hand,480,702,572,716
frame_1593.jpg,213,251,hand,645,319,858,570
frame_1593.jpg,243,376,hand,52,329,295,705
frame_1628.jpg,422,234,hand,11,481,433,715
frame_1628.jpg,323,293,hand,592,370,915,663
frame_1628.jpg,161,206,hand,723,78,884,284
frame_1678.jpg,241,190,hand,215,421,456,611
frame_1678.jpg,226,242,hand,619,440,845,682
frame_1678.jpg,168,161,hand,828,231,996,392
frame_1678.jpg,185,143,hand,216,183,401,326
frame_1694.jpg,361,273,hand,96,273,457,546
frame_1694.jpg,243,311,hand,606,344,849,655
frame_1694.jpg,300,257,hand,970,458,1270,715
frame_1694.jpg,226,114,hand,226,7,452,121
frame_1765.jpg,390,357,hand,49,360,439,717
frame_1765.jpg,310,350,hand,518,313,828,663
frame_1765.jpg,140,107,hand,683,44,823,151
frame_1765.jpg,156,175,hand,538,19,694,194
frame_1787.jpg,383,350,hand,15,305,398,655
frame_1787.jpg,316,296,hand,559,290,875,586
frame_1787.jpg,135,92,hand,701,6,836,98
frame_1787.jpg,154,58,hand,455,5,609,63
frame_1805.jpg,351,343,hand,6,365,357,708
frame_1805.jpg,365,339,hand,545,301,910,640
frame_1805.jpg,134,109,hand,696,46,830,155
frame_1805.jpg,159,121,hand,447,19,606,140
frame_1821.jpg,359,243,hand,72,468,431,711
frame_1821.jpg,300,300,hand,547,375,847,675
frame_1821.jpg,132,92,hand,708,105,840,197
frame_1821.jpg,195,13,hand,374,3,569,16
frame_1830.jpg,328,242,hand,108,477,436,719
frame_1830.jpg,232,287,hand,593,406,825,693
frame_1830.jpg,156,103,hand,635,124,791,227
frame_1846.jpg,318,335,hand,100,362,418,697
frame_1846.jpg,272,360,hand,585,302,857,662
frame_1846.jpg,114,93,hand,755,25,869,118
frame_1846.jpg,171,270,hand,163,52,334,322
frame_1895.jpg,285,259,hand,126,459,411,718
frame_1895.jpg,248,298,hand,482,411,730,709
frame_1895.jpg,122,83,hand,778,137,900,220
frame_1895.jpg,181,243,hand,124,269,305,512
frame_1900.jpg,381,319,hand,15,390,396,709
frame_1900.jpg,291,371,hand,513,318,804,689
frame_1900.jpg,131,90,hand,765,69,896,159
frame_1900.jpg,194,211,hand,95,212,289,423
frame_1976.jpg,454,199,hand,10,511,464,710
frame_1976.jpg,324,266,hand,579,399,903,665
frame_1976.jpg,242,181,hand,518,53,760,234
frame_1976.jpg,199,227,hand,190,82,389,309
frame_1985.jpg,357,184,hand,94,530,451,714
frame_1985.jpg,350,274,hand,553,440,903,714
frame_1985.jpg,196,204,hand,613,170,809,374
frame_1985.jpg,249,194,hand,239,162,488,356
frame_1999.jpg,390,217,hand,116,490,506,707
frame_1999.jpg,363,235,hand,559,480,922,715
frame_1999.jpg,156,122,hand,529,90,685,212
frame_1999.jpg,234,191,hand,212,162,446,353
frame_2021.jpg,436,339,hand,12,370,448,709
frame_2021.jpg,335,236,hand,523,309,858,545
frame_2021.jpg,182,197,hand,594,27,776,224
frame_2021.jpg,235,232,hand,227,49,462,281
frame_2028.jpg,407,348,hand,16,365,423,713
frame_2028.jpg,341,288,hand,545,306,886,594
frame_2028.jpg,179,208,hand,612,19,791,227
frame_2028.jpg,265,204,hand,244,34,509,238
frame_2034.jpg,335,311,hand,64,365,399,676
frame_2034.jpg,351,283,hand,541,353,892,636
frame_2034.jpg,188,203,hand,601,16,789,219
frame_2034.jpg,292,213,hand,249,14,541,227
frame_2042.jpg,351,283,hand,31,422,382,705
frame_2042.jpg,317,275,hand,559,396,876,671
frame_2042.jpg,187,206,hand,588,96,775,302
frame_2042.jpg,268,226,hand,252,98,520,324
frame_2069.jpg,269,298,hand,14,419,283,717
frame_2069.jpg,300,287,hand,656,417,956,704
frame_2069.jpg,202,175,hand,428,71,630,246
frame_2069.jpg,189,139,hand,182,25,371,164
frame_2081.jpg,366,164,hand,13,546,379,710
frame_2081.jpg,371,258,hand,539,452,910,710
frame_2081.jpg,141,156,hand,473,11,614,167
frame_2081.jpg,205,152,hand,78,19,283,171
frame_2088.jpg,324,154,hand,14,558,338,712
frame_2088.jpg,404,256,hand,584,453,988,709
frame_2088.jpg,142,160,hand,519,7,661,167
frame_2088.jpg,208,164,hand,155,4,363,168
frame_2163.jpg,270,110,hand,110,601,380,711
frame_2163.jpg,234,139,hand,545,570,779,709
frame_2163.jpg,162,154,hand,525,202,687,356
frame_2163.jpg,227,166,hand,266,248,493,414
frame_2173.jpg,329,192,hand,67,523,396,715
frame_2173.jpg,247,190,hand,565,521,812,711
frame_2173.jpg,158,140,hand,526,173,684,313
frame_2173.jpg,209,169,hand,297,184,506,353
frame_2187.jpg,258,223,hand,186,454,444,677
frame_2187.jpg,170,196,hand,563,399,733,595
frame_2187.jpg,145,134,hand,453,214,598,348
frame_2187.jpg,229,186,hand,172,218,401,404
frame_2194.jpg,261,221,hand,230,434,491,655
frame_2194.jpg,179,220,hand,592,431,771,651
frame_2194.jpg,144,136,hand,450,217,594,353
frame_2194.jpg,234,165,hand,153,236,387,401
frame_2202.jpg,249,229,hand,262,377,511,606
frame_2202.jpg,219,235,hand,571,397,790,632
frame_2202.jpg,141,150,hand,456,156,597,306
frame_2202.jpg,211,149,hand,174,205,385,354
frame_2208.jpg,267,235,hand,244,370,511,605
frame_2208.jpg,199,245,hand,572,385,771,630
frame_2208.jpg,156,134,hand,443,142,599,276
frame_2208.jpg,204,145,hand,178,190,382,335
frame_2274.jpg,264,231,hand,127,393,391,624
frame_2274.jpg,418,236,hand,656,478,1074,714
frame_2274.jpg,151,211,hand,566,129,717,340
frame_2274.jpg,194,149,hand,195,107,389,256
frame_2276.jpg,220,204,hand,117,359,337,563
frame_2276.jpg,361,247,hand,678,440,1039,687
frame_2276.jpg,165,208,hand,496,113,661,321
frame_2276.jpg,179,126,hand,159,94,338,220
frame_2335.jpg,199,129,hand,12,588,211,717
frame_2335.jpg,201,211,hand,610,496,811,707
frame_2335.jpg,180,180,hand,387,221,567,401
frame_2335.jpg,240,219,hand,32,296,272,515
frame_2347.jpg,275,163,hand,289,545,564,708
frame_2347.jpg,209,122,hand,854,589,1063,711
frame_2347.jpg,167,190,hand,798,247,965,437
frame_2347.jpg,191,196,hand,482,289,673,485
frame_2364.jpg,260,232,hand,199,323,459,555
frame_2364.jpg,240,255,hand,600,456,840,711
frame_2364.jpg,178,167,hand,718,115,896,282
frame_2364.jpg,157,126,hand,463,104,620,230
frame_2376.jpg,243,245,hand,211,367,454,612
frame_2376.jpg,262,226,hand,623,485,885,711
frame_2376.jpg,150,192,hand,723,139,873,331
frame_2376.jpg,152,131,hand,390,143,542,274
frame_2393.jpg,293,246,hand,144,425,437,671
frame_2393.jpg,299,228,hand,671,479,970,707
frame_2393.jpg,156,200,hand,759,89,915,289
frame_2393.jpg,175,122,hand,501,136,676,258
frame_2422.jpg,347,238,hand,97,474,444,712
frame_2422.jpg,218,156,hand,487,560,705,716
frame_2422.jpg,150,111,hand,593,160,743,271
frame_2422.jpg,175,255,hand,111,236,286,491
frame_2447.jpg,262,218,hand,196,349,458,567
frame_2447.jpg,238,168,hand,402,544,640,712
frame_2447.jpg,134,124,hand,531,131,665,255
frame_2447.jpg,188,145,hand,340,167,528,312
frame_2551.jpg,374,290,hand,25,406,399,696
frame_2551.jpg,324,327,hand,553,384,877,711
frame_2551.jpg,190,126,hand,653,6,843,132
frame_2551.jpg,184,207,hand,319,47,503,254
frame_2619.jpg,283,254,hand,82,378,365,632
frame_2619.jpg,245,269,hand,487,429,732,698
frame_2619.jpg,192,117,hand,355,57,547,174
frame_2619.jpg,159,180,hand,13,171,172,351
frame_2629.jpg,429,262,hand,15,454,444,716
frame_2629.jpg,228,282,hand,516,424,744,706
frame_2629.jpg,181,113,hand,403,54,584,167
frame_2629.jpg,61,220,hand,6,120,67,340
frame_2673.jpg,173,123,hand,599,596,772,719
frame_2673.jpg,165,172,hand,432,275,597,447
frame_2673.jpg,203,140,hand,170,300,373,440
frame_2676.jpg,228,144,hand,586,574,814,718
frame_2676.jpg,165,170,hand,442,273,607,443
frame_2676.jpg,196,129,hand,175,304,371,433
frame_2683.jpg,178,111,hand,251,238,429,349
frame_2683.jpg,285,222,hand,559,494,844,716
frame_2683.jpg,156,154,hand,504,204,660,358
frame_2697.jpg,288,160,hand,13,556,301,716
frame_2697.jpg,275,209,hand,551,498,826,707
frame_2697.jpg,150,198,hand,587,178,737,376
frame_2697.jpg,207,135,hand,338,213,545,348
